. 111 &abiecte 111 1111. pou.

f 11111 11111111 1111 1111111111 111111111111111111111111111
,’ 1111111111111111 1111111111 111111. 91111111111111111 111
1111111111 111 111 ettettt 1111111111 1111111111 1111111111, 11
111111 1111 111 1111111 1111111111 1811111111 11111111 11111. &bens
11111111 11111 111 1111111111 111 1111111111 111 1111 tat tttt=
1111111, 111 111 suns 11111111 1111111111 1111111111 1111111.
omn 11111 1119111111 necessarius beree, 111111911 11111111
1111111111 11111111, 111 1111111 11111 11111 11111 1111111 116111-
111111111111111119111111 111, 11 geht 1111 bed) 1111111111
1111111111, 111 11111111 11111 1111111111111111111 Mes
11111111 1111111111 (11111 111111 11 1111 11111 11111111) 11119.
titt 1111111111 11111113). 11111 111 ,111-1113111111 1111111
, 1111111111 111,1111111111111111111111111111-1), 11111Μῖ
1Μῖ11111111111111 111111111ἱῖἷέ
ffitfitffl‘as‘ 11 teet 111111 1111111, 111111 11111111 111
11111111111111 11111 111111, 1111111 111111111111111111111111
J 1111111111 1111111111 111 1111111111 1111111111 111 (1. 111111),
1111111111 111111 111 1111111 1111111111111111 111 111111 111 ffietrtttbt
tetamentum.

11111111 1111 111 &aaz in legitimis tenttuttttu· 1111-
1111111111 1111111 1111111111 &inne 111 1111111111 111, 11111111
311111111111111 111 1111111111111111111 1111111 11111, 11111111,
11111 111111 111 1811111111 et 111111 11111111 11111111 111111, 111
1111 11111111 111 &estete 1111111 1111111111 1111111111 1111111
11111115), -- 11 1111111 1111 1111 111 11111111 1111111111, 1111

-σ-ι-υ--ιο--ῃ

1) 11. 11. 1. tt tt. 11. 111 fidet 1111111. 1111. 11.1.1.1.11 quie nteit·
11. 11. 180111 1111.1111111. judie.

1) ttt. tt. - Nee 111 11 -jure successio est3 ideoque 11 ugnettts '

M proximus hereditatem omiserit‚'eel antequem 1111111111-

cesserit, sequentibus 111111111111 ex tege competit. 111111
11111111 111 111111 1111 11111 1111111 11 Β11111111 1111111 1111111111
111 01111111 111 11161111 bet proximu· 1111111111-111111111111111
3111111111 1111111111 1111111. (1111111 1111 1111111111111111 (1. 33)
1111111111 1111111111 111111, 111 11111 1111111 1111 11111 11111111
11111111. ,

5) 111111 1111111 1111 mett 1111111111, 11111111111111111111111
1111111 1111111111 1111111111 111 1111111. 1111111111 1111111111 111

' 11111 111111 1111111111111 111111111111111111. (111. 11. 11-

 

