(1111111111. 1111. 11

11 11111111 111111 111111 1111111111 1111111111, 111 111
61111111Θ1111111111, 1111 11 111111111111111111, 1111111
1111111 11 1111111. 1111111111111111111111111111111 1111
1111111111, 111 111 111111 11111111, 1111 111 1111111 111 111
1111111111 11111111 1111111111 11111111 1111. 11111 111111
1111111111 11111 1111 1111111 1111111 111 1111111111 1111111

3111111111 111111111111 1111111 11 111111. 1111111111 ’

1111111 11111 111111 31111111111111 111 1111111 11111111 11111
et 1111 11.

11111111 1111111 1111111 11111111111111111111111111
111 11 1111111ιί111 111111111111111.11111111111111111
111 11111111111111111 111111111111111Γ111111111111 1111

Ε1111111111111111111111. 111 1111111111, 1111111Ἳ1111111
11111111111111111111111111111111111111111ιειιιι111ει1

dem. 1.1111111,111111,11111111111111111111111111111
11111111 1111111111 111111, 1111111111 (111111 11 ex 11111·
mento 1111 1111111111 1111111 11111111111111111 111 1111
1111111111 11111 1111111111 ¹) - mese 111 111 1111 11
1811111111 111111 111111111111111 111111111111111111111
Uber 111111· ιιι 1111111111, 111 111111111111 111111
111111111111111111111111,11111111111111111111111111111 11
11111111111111111111 nominatim 11111111111111, 111111, 11
111 11 111 111 1111111111111111111111111,1111111111
11111111 11111111).

2. 11111 11111111 11 (1111111111111) 1111111111111111111
1111111111, 1111111111 1111111111111111111111 11111 111111,
11111’11111111111111111111111111 1111111 111111 111 filia,

,ι nepos 111111111111111111111111111111116111, pronepos,
[111111111111.,111111 111 uxor 111111111ιοί1 ιιιιιιιι. 611
'asse 1111111 11111 1111111111111111111111111111111111
111 111 111 111111 11111111 111111111111 1111111, 111 11· .
111 111111 11111111111111 111 111111111111111111 11111 1111

1) Θ. 111. Ι. 1. l.

2) [1111111. xxu. 16. 61111111. 81111111 11111111111111-111,

“Q 11111 111 1111111111 31111111, 111111 1111 1111 11111
1111111111. -

 

