81111111 111 1111111111. 1. 11. 111

11111111 1111, 111 11111 111111111111 SnterpQ

8st fflfflffidst 11111111, 1111 1111111111

111 11111111111111 11111111111111111111111111111, 111
1 111111111111 111 11111 111111 11 111111111111111111111111

ῑ 11111111. ·- 1111 1111 111 51111111111111111 12 11111111
³ 111111111111111 1111111ιᾶ111 1111, quo 1111111 111, 111·
Ῠ quem 1111111111 1111111111, 1111 11111111111111111, ’1111
1111 1111 1111111111 11111111 1111 111111 1111111111 1111111111
111 111 111111 111111111111 1111 111111111111111111111111111
1111111111 111111, 11111 1111 111111 11111111 111 11111111
1111111. 11111111 1111111 11 1111111, 1111111111 11111111
1111 11 111111111, 11 1111111111 111 81111111 11111111
111111 111111, 11111 1111 1111111111 111111, 1111 111 111111
&itm 111 11111111111111 111. 31111 1111111111 1111111111,
111111 11111 1111111111. 111 1111111111, 111111111111111
1111111111 11 11111111 1111111 1111, 111 11111 111 11111111
1111111 11111111, 1111 11111111111111 1111111111 11111, 111
1111 111111 11 11111 111 111 11111111 1111111111 11111111.
1111111111111111111 1111 1111111111 11111111 611, 1111
11111111. 1111. 111 1. Β. 111 11111111 11111111 111 11111111

1111111111 11 1111111111. 1111 111111 1111111111111111111
1111111111111111 111 θ 1111111 1111 11111111 1111111111,
1ἷ11Π11-11111ἮΓῙ311Μ1”1111Γ11””11111111’ ist, 11111
1111111111 111111 11 ’1111111111 111, ’111111111111111111 111
successio 111-3111111111 11111111111111. 11111 11111 11111
1111111111, 111 111 1111111 11 111111 1111,1111 1111111111
1111 111111 111 1111 1111111111,1111 11111111111111111111
11111111, 111 1111111111111111111111111111 1111111111111
111.311111111111111 111111, 1111 1111111111 81111111,
111 1111 111 11111111111111111111 11 11111111, 11111
11111111 111, 111 1111 111 1111 1111111 111 11111111 11111
1111111111 1111 11111111.

Darou& 11111, 1111111111311111111111111111, 11111 1111
1111111 111111 11111111 111, 11111111111111111 1111. 11111111 11,
1111 1111111111111111119111111111, 111 1111111111,

111111111111111Ῐ111111-1111 1111111181111111111111,111ω ⁸

w...

 

