ιιι 11. 111111. lv. 111. mansorum 111 sse· 111111. p.

1111111111 1111111111 sn 11111 113111 1111 1111 1111111111 ins
1111 11111 11111111118111111111111111111111 11111111 111 11
111111 1111111111111 111 111 11 11111 1111111111 1111111111 βω
1111111,111111111111111111111 11 1111111111 11111111 Saser-
1111 11111111 111 11111. 111311111111111111111111,113 111
1111) 1111 1111111 111 1111111111 favor tenimentorum 11111

5311111111 1111111, 111 1111 1111111 (1111111111 1111111111

11119111111111111111 1111111111 scrupulositas 11111111, aab 111
11111111 111111 111 11111111111111 11 gut 1111 1111111111111111
11111111 111 1111111113 11111111 11 1111 1111111 1111111 11111111
111 1111111111 1111113 111111 113111 1111111111 13 1111, 1111
1111 113 1111111111 1111111111 1. 11. 111 ’1111111111 111111

11111 1111111111 1111111111111 1111111111111111113111111111
1111111111 see. ιιιι. ιι. p. 1111111111111111 1111111, 11 1111

1111- 111111 181111111111111 11111111 11111 1111111111; ιιι. s„
9131131111111111) 11111111111111111111111111111
11111111111111111 11111111 11111111111111.1ι11.
b 11111111111111111111111.

miss 111 111111111111 1116111111111111111111,1111
113 111 1111111111 1111111 1111111 11111111 11111111111111111
1111111111 111 9111111111111111111111. 1111111 1111111111) 1111111
1111111 1311111113111111, 111 111111 111 ’1111111 1111 111ιί111111
11111111 1111 1111111111111111 11111 111 1111111 (1111111111
11111111, 111 113 11111111111118111111111111,1111111113
1111 1111111111111111 1111111 111111111111 1111111111, 1111111
1111) 111111 111111111119111111 111, 111111111111111111611
1111111 11111 1111111111 1111111111 11111. Ι21113 11111111111111111
11111111111 111 1111 11111 111111111111111193111111111111111
flu 1111111, 11111111 111111111 111111 11111111111111111111111.
meabat 1111 11111 113 1111111111 111 61111111111111
11111111 1111111, 13 1111111 1111111111 111 111 1111111111111111
1111111111 11, 11111111 11111111 1111111111 111111111111111111
111111111111111111111111111 1111. Die 11111111 1111111111 111
1111 fidus, 11 11111 113 1111111111 11111111 111111111111113
1311111113 1111 (1111111111 1111111111 11111111. &n 1111 1111
11181111 1111 1111 1111) 1111111113 111111 11111111, 111111
1111111 111 11111111111111 113 111ιί111111 1111111111111,
11111 11111 1111111111, 111 1111111111 11 11111111 1111 11111

 

