31111111 11111111111111111111.1.131. · 111

Ι1111 1111111 1111 111 1111111111 11111111 111 11111111 (111
1911111111, 1111111 111 11111111 1111111111, 111 1111
1111111111111111111 111 1111111 1111 1111111111 1111111111
111 8111111111 11111 1111111 1111111 1111 1111 11131111111111
1111 1111111 11111 11111, 1111 11 11111 111 111 1111111111 111
&heseba 1111 11111111 1111111111 1111111111 11111111 11111111
111111 1111111111 11111 111111111111 1111111111 1111111,
,111111 11 1111111111 81111 1111111111 1111111111 11111111, 11
’11111 1111 11111111 1111111. 11111 11111 111111, 111 1111 11111
1111111111 hereditatis 111111 1111111111111 1111. 1111 11111
Γ111111111111111 1111111111, 111 11 11111 1111111111111
ι,1111111111 111111 111111 111111.

&a 1111111 1111 111 1111111 1111 11111111 1111111111 1111
eeu, 111 111 111111 111 11111111 11111 111111 111111111111111
111111111111111 1111111111 111 1111111111111111 111111, 1111
1111 111 1111 111111 111111 111 1111, 111, 111 111 1111111111
11111111, 11111111 11111 111111111111111111111111111 1111 111
11111 3111111 11111 111111. -

Die 1111111111 (111111, 111111 111 1111 111 1111111111 111
111111111111111111 11111111, 11111111 1111 1111111111.
111 111111 1111111111 11111 1111 111 1111111111, 111 11 gegeben
1111111, 1111 11111 11111111, 1111 11 111111, 1111111111111
’11111111 1111111111 111 111111111111 [ein 1111, 11111 111111
1111111 mit 111111111111, bicornia 1111 111 missio ex
1111111 divi 11 1111111111, 1111111, 1111 11111111111111 11111
111, 11 11111111 1111111111311111111111111 1111111111
{ung 111 1111111111 111111111111111 11111. 11111111 1111

11 1111 1111, 111 wit 111 1111111111111111111111 11111111
111111, 1111 11111111111111111111111111

1111311111111111111 1111111111, 1111111 11111 1111111 11,
hm, 1111111111111111111111111, 1. 1. 111 11111111
1111 11111111 111 etei 1111111111 eretis, pro herede gestio,
1111 agnitio 1111111111 possessionis. 51111 11111111 18111111

111111111111111111111111111 11111 1111 11111111 111 1111111111-
111 aditio. 111111111111111111 1111 1111 111111 11111111, 111
11111 11111111 111 111111 111111111

1) 111 11111111 111 b· p. 111 111 11111111111111
11111111 11111 11111, 1111 11111 1111 1111111111, 1111 11111

 

