1111111111 11 1111111111. 1. 181. ⁴⁴⁵

1111111111. 1.), 111111111111111111 11111 111 bemmatis
1111111 1111111 spatium deliberandi (111 3 1111111111), 111
11111 benef. inventarii. (wit. 111).

17. 111111111111111 1111111111 1561. (1151).
1111 11111111111111 111111 1111 (1111111111 111 1111111111,
11111 111111 1111111 111111111111111111 (31111. 111.
1111 11111111 1. 111111). 1111 11111 111 int. 1111 ex 1111.
111 1111 11111111 1111 111111· 11 11111111111111111, 111111 1111
111 1111111111 1111 11111111111111111111 111 11111111
11111 1111111 111 81111111 1111111111 11111111 111 11111111
1111111111 111 1111111111 (1111. 1111 1111111111 111
1111111). 1111111 3111111111111 1111111111 11111 1111111111
11111111111111111111111 1111111111, 111111 1111111

11111111 1111 1111111111 111111. 1111111 1111111111111111111
1111111 11111 111 1111111111 111 (1111111111 111 11111111.
111 11111111 11111111 1111111111 1111111. 118., 111 111
1111111 11111) 11111111 111 111111111111111 1111111111
11111 11111111 1111111111. ·

· 18. 11111111111111111111111111111111. 11111
1111811111 1616. 111111111111111111 11111 111 111111
11111 1111111 (111. 11. 1111. 16.) 111 1111111111111111111111
1111111 111111111ῐί11 11111111, 11111111 1111111111 1111, 111
1111111111111 1111111111 111 1111111111. 311111. 35. 1111.
1. 1111 1111111111111111 1111 11111111111111 &iia 111 11
11111111 1111111. 311111. 11111111. 1111 1111 111 11111111
111111. 118. 1111111111, 1111111 111111 1111 111111111111
1111111111111111111. 1111 &rau 111111, 11111111111111
1111111 1111, 111 1111111111, 111 1111111111 11 11111111
11 111 11111111, 111 111111 1111111 111 1111111111 11111
111 1111111111 11 111 111 11111111111111111111. 11111
1111 1111111 11 111, 11 11111111 111 11111111 11111111
11111111, 111 1111111111 111111111111 1111111111111111,

, 11111111111111)1’11111111111111111111ι1 civilem 1. ia, 1111 111 111
11111111 1111111111 1111111, fo 1111111111 1111 1111111111111111111
1111111, 1111111 1111 11111 111111 1111111111111111111111111
1111111111, 1111111 1111 1111 111 11111111 111111111111111 11111111
111,” (11111161111111111111111111111111111. p. unde 111 11
uxor 1111 1111 1111111111 111111111 111111).

 

