1111111111111111111111111111.11111. ’ 111

roien 111111111111111111), 1111111111 111111 1111 111 1111111
bet 111111111111111, 1111 111 1111111111 1111111111, 1111111
1111111111 1118111111111111-1111111 11111 11111 1111111111 1111111

min 111 3111111111 111 oui 111 1111111111 111 1111111111

{dig ί1111111111 11111111 1111111 11111 111 m 111 1111111 tinto
ot 11

4 §- 111. 1111111111 111111111111111-1111111111181111111
tang 111 3111111111111111111 do bon. possessionibus 311
Ι91111111 1111111 1111111 111111111111 11111 1111111111, 111 1111
’ 11111 1111 1111111111111111111 1111111111 1111111111 1111111
11111111). 1111 11111 1111111 11111111. 111 111 1111111 1111
1111111111111 11111 1111 11111111111111111111111111 11111111
11111111 11111111111111111, 1111111 1111111111 1111 11111111 11111
11111111· gnomon 11111111 111111 1111111111 im §. 1111111111,
¹ bat 111111 1111111111 sad 111 quidem Praetoria introduxit .

5111εά11111 anobis tomen oto, 1111 begiano 11111 (111 1111
Μ incl.) 111 1111111111 1111111111111111 1111111111, 11111111

11111111111111111 1111111 111111111111. 1111111111 ·

11111111 11111111 11111 11111111 1111111111 1111111111 11, 11
111ῡᾶ1111 oie &nistebungigtiinbe 111 successorium 1111111111
(1. 1111. (Ξ. 81), 1111111111 11111 1111 11111111 11111 11111111

’ 1111 1111111 1111111111 11111111111111 too 111 11111111 111 111
1111ίεὶ111111 111 1. p. 111 1111111111 111111 1111111111. oto

s 11111111111111, 111 111 1111111111 1111111111 1111111 111

¹ 1. p. 1111111111 &iao 11111111, 11111111 111 1111111111111111.
11111 11111111 1111 111 11111111 111111 1111 1111111111 ooth
111111 111 1111111111 1111111.

¹ 5) 1111111111111 1111111 1111111111 1111111 gu 1111111, 1111111) 11111
1111111 1111111111 1111111111, 111 1111111111 got 111111 11111 io Nov.
111 111111 11111111, 11 11111111111111111111111111111 111111111111111111

’ 11111111 111, 11111 1111111111111111111111 11111111, 11111111 111 11
1111111111 11 11 1111111 11 1111111111 111111111111111111 111111

’ 11111111111111111111.11111111 911111) 61111111111111111111
111111 111111 1111111 111 1111111 118. 11111111.

¹ 111111111111111.111111111111111.Θ.311111111 1111111

³. 111111. 1111111111111111 111111111111111111 1111111111 11111

1 111 1111111111111111111111111111 11111111111111111111 1111111
1111111111. ·

 

