6111111111111111111111111119111111119. 1111. 111

1111111111 111111 11111119, 1111111111 111) 11, 1111111 [11111 oio
11111111 111 1111111111, 1111 [11) 11111 111111111911111111111 1111
1111111119 111111 1111111111 111111 111111, 11111) 1111111111111
1111111119111111111111)1111111111 11[1 1111 1111111, je:
11111111 1111) 111 1111111111.1.(1.9ιιο1. bon. 91119
1111111919 911111111111111111111111,111111311111111,
11111 1151 (1)1 11111119 11[11 91111111 111 111111 1111111 111 11
[11111111111111111111119111111).
, &bon 11111) 11111 18111111 11111 91911111111111111811
111111 11111111 <soso 11111 11111111. 11 1111111 1111 11111111
moeret 11111111 11111911.. 1111119111111119111),1111111
1. 111 111111111111911911111 91111111 1[1, 1111 111 111 ons
111111 &cite 111 11 1111) 11111111 11111[(1)11111111[111.11
1111 11111111) 111 1111111111 91111111 [1 11111111111111111, 111111
jose 1111111119 1111111111111 111111111111111111,11111[11
111 1111111111 11111111 91911111 1111111), [11111111 111 11111111
&costen 1111111,11111111111111119111111111111111111111
1111111111 1111111111111111. 91111111191111111, 1111111 11111111
1111111) [1111111111 1111111 1111111111) 1119111111 111 3111111111,

melche& beth. possessor 111 (1111111111)111,1111111111111
bores 9191111 1111111 111111 11111111 11 91111191 11, 111
1111919111 11111111111111111111111 111 1111111111 111111
111, 1111 1111 11111111, Ι11111 [11111 1111111911 111111111111119
1111[[1 1111111119 ex mente Praetoris 1119111111 1111111 ⁸).

,1) mod) 111111 1191111111 111311. 111 1111111111911111111 min,
1 11 [11 1111111111) 11111111 [1 1111111111) 1111111111, 11111 111 1111111
. Scit 111111111111111111111 [1 111191 111 11111111 11119111. 1111 11111
. 119111 11111111,111111111113111111111111111 11111111191111·
- 1111191111111111111111111[11111111111111.111.((11111111611)
1111111111.
1) 1811111111 11111111) [11111191 11111 1111111 Halon 111 11111111. 1111
· „utile Into (1111111 qood herodibus 11111111 civois, vx pacto
item, 111 statuto 111 consuetudine pe 1.11 1. 0. h. 1. (11111111
. -[.11111111111111.1.’
1) 6111 1111111111 111 1191 [111111 111 1111111111. 1111111111.
pot. 111111 9111111111, 111) 11[1 [111 1111111111 (1. e. 11.) 11111
. 1191111111 111111, 111 1111 11 111 111111 botrosum 11111111
b. 9111111111111111. 1111. utilis 1111, [1 1111111 11111 heros 111
11111111111111111119111111111. [. Budua, 11191, 1119111111 1³ 111-
gosino. Ι. c. 111111111111111111111111111111 1111111119 111 5111-

 

