111111111111111111111111111111 1. b. ρ. 111. 111

6111111, 1111111 111 111 1111111111 111 11111111. 11111111
1111 11111, 111111111111111. 1. b. p. 11111111, 1111
1111 111111 11111, 111 111 31111111 111 111111111111111
111111 11 conjunctae personae 11111111, 11111 111 1111111111
, 11111111111111111111111. 11111 11 1111111111111111111
’ 1111 111111111111111, 1111111 111 111111 111 1.1. 1. ροι-
sessores 11 111111 11111, 111 111111111111111 6111111,
1111 1.·18. 11111118. ξ. 5. 111 b. p. 1. 1. 1111111111 vom
111111111111111, 1111111111 11111 1111111 111111, 111 11111111
1113111111 111111 emancipatus 1111111111 1111111111, 111
1111 1111 111111111111111 111111111 1111111). 1111111 1111 111

geber, 111 111 filii 111111111111111 11 jure 1111 1111111
1111111 1111111, 1111111111 exjure civili, 1111111111
1111 11111113111111 111111 111 111 1111111111 1111. 1. 111111

1111 111111 11111111.

λ 11111111 1111111111 111Θ1111111 1111111111 11111111
11111111 mar, 11 11111111, 111111111111 lignum, 1. 1).
11111 11111111) 111111111111111111 1111, 11111111 11111111
11111111 111 her. aditio 1111111111, 1111111111. met 111111

“ 1111111111 1111111 1111111 1111111 1111111111111111111111111,Ι
1111 11 81111 111111 11 111 111111 111111111111111,,11 1111
1111 &alle 111111 11111, 11111 111111111111111 1111111 111
111 111 1111111111 111111, 1111111111, 1111111 111111 1111
1111111111 11 111 11111111 11111111. 1111111111111111. 111
11111 flu 111111, 1111111311111111111, 11111111 11111111
ῧ111111111) 11111111 111111, 111 11111111111111111111111
1111111, 111111 11 111111111111 1111111111 1111 1111111, 111 1111
nod) 1111 11111111 1111111111111111111 1111 1111111111111111
11111 111111. 11111 11 11111111 11111, 11111111 111 1111 11111
11911 (1111111111. 1. 1111111111. 1111 11 111111111111111
11111111111111111, 111 11 11111111 1111111111, 111111

W

11111111111111 111111 111111. 111.1111111111111 111 1. 1. 1111111
1111111 1111111. - Sd) 1111111111 1111111 111111 111111111111
1111111111 111111 1111111 1111111111 111 1111111111.

6) 1111111 11111111 1111 1111111111 1111111111 1111 filiun, 111 111 111111
1111111 1111111111. 1111311111111111 11111 1111111111 1111111 ·
111 (11118. 11. 8. 11. 11. s. 1. 111 1111111111).

 

