1111111111111111111. 111. 1 11. 111

6111111111 1111111 1111 11111111 1111 11111111 111 thfbitteu

1111 11 fantum 1111131111 6911111111 1111111ἶῖ
1111111111 11 1111 11111 11111111111111111111111111111
111 1111111111 1111111111 111111111111111111. 8111111 1111 111
11111111 11111 111111 111111 11111 1111111 111111, 111 11 111
6111111111 1111111 11111111 111111 1111 1111 111111 11111 1111
111111 11111 11111111 11111, 111 111 1111111111 1111111 1111111
11111111, 111 111111 1111 1111111111 1111111111 11 1111111111 11111
labli& 1111,1 11 111 1111111111 111 1111111 111111 11111111
11111111 actiones 91911111 111, 11111111 11111 111111 11111, 1111111
gat 1111 111111111111 1111111111 11111111 11111, 1111 1111111
&ambitu 11 111111 11111 ,111111111111111111 111111 1111111
1111 1111111 1111111111 11111, 111 1111 111 3111111111 1111 111
1111111111 1111111111 1111111111 11111 11 1111111 11111111
111111, 1111111 1111 1111111111 111 111111 1111111111 111111
1111111111 11111111 1111111111 nott 111 in 11111111 1111111111,
1111 1111111111 11111 1111111 1191111111 11111111 11111 1
1111111111111111111.11111111111 111 1
1111111111 1111 111 ,11111111 gegeben, 111111 11 1111
1111111111ῐί1) 1111 1111111111 111 1111111111 111111 formula
111 111 1111111111111 11111 11111111Ε1111111111111111111
1111111·-

11111111111111 111 1111111111 1111 111111111111111111
1111 1111111 1111 111 111 1111111111 1111111111111111111
11111 11111111111111 1111111111 1111 1111111,1111111111 11111111
ἶ 11 factum actiones obet 1111111111 11111111 1111111111.11111·“
1 11111 1111 1111111111 1111, 1111111111111111111111111111
111111111111 1111, 111 11111111111111111. 11111111 1111
11111 1111 1111 1111111111111, 111 11 1111111111111111111
111, 1111111111111111 1111111 11111 11111, 111 1111111. aetio·
1111, 1111111111111.

. 11 111 1111111, 1111 11 1111111111 1811111111 1111111111
1111.Ι 3111 &thus 111 1111111111 11111111 1111111111 1
hon· 111 11 1111 111111111111111111111117), 111111 111 ”

μ-φ-ω--υ-

6) Gai. 11111. 1111111 2111111. 11. 3. 1111.
7) Fr. 1. pr. 1. Ι. 1111 1111111111, qni 11 pou. ·- 111 11111111

 

