81111111 111 summor. 1. 24.x m

1111111111 1111111111 1111 11111111 1111 1111111111111ῦ111
1111111111 11111111111111 1111111111 1111111111111111, 11111.
1111, 1111 11111111 1111111 11111 1111111111111111111111111, 1111
¹ 11111111 1111111111 1111111111 1111111111 111 11111111111
. 1111111 11111111111111111111 1111 111 111 1111111111 1111111111
111111 11111111 11111, 11 111111 1111111111 1111 fflurt 11111111
11111111, 111 11111 11111111 3111111111111111 1111 111 1111111111 11111
1111111111. 11111111 1111111111 1111, 1111 1111111111111111111111
1111111111 :abigitur 111111 11111 11111111 11111111. 81111111
111 11111111 1111 31111111 111111 1111111 8111 111 111111 81111111
1111 111 1111111111 11111111 1111 menn 111111 111111 11111 111τῇ
1111111111.

mas 11111111, 1111 8111111υό 1111 11111 1111111 1111111
11111 1111 111 1111111111 111111111111111111111111 1111111111,
1111111 111111 11111 811111 1111111 111111111111111111111111
1111111111 1111111. wa 111 6111111111 1. 111. 11 1111111111

1111 1111111111, 11111, 1111111 111, 11111 11111111111111 111111 ,

1111111, 111 11111 11111111111111111111111111111111 111111111111
11111111 111 1111 111 1111111 11111, 11111111 1111111111
1811111111 jam 1111“1ἰ111111111111111 1111111111), 111 1111111ῑί11
1111111111111. ,1111 1111111. 1111111 118. 11111111 111111
1111 1111111 1111111 1111111111, 11111111 111 111 1. 111. ent,
1111111 11111Ι 11111 111 11111111111111 11111 1111111111 111
1111111111 111.

1111111111111, 111 11111111111 111111 111 11111111 1111
111111111111111111, 11111 111 1111111111 1111111111 111 11

111111 11111116. 111 111 111 111111111111111111 11111111,

1111111 1111111 111111 11111111 11111, 111 8111111111111111111

1. 11 D. 1111111111πὲ Qen 1111111 1111
11111111111111111111111111 1111111131111,1Τ1111111111
11π1ωὲ16.80111ἳΐ-Ἢ1111111111111611111 1111 eia

011111 8 1111111.11.1.1111 11111.11.18.η111111111
1111111111 1111111111 1111 1111111 11111111111111 Τ111111 11111 111

111 11111 0111111 1111111111 11111111.
10) 11111111 111 1111 11 1111111111 11111111 111 111111 11111111 11111111,
11111 111 1111111111, 111111111111 1111111111111111 111, 111

11 11111111 1111 8111111111111 11111111, 111111 11111 111111. 111.

1111111111 1111
9

 

