meletianos 1111 11111111111111111. 1. 161, 185

1111- 111 111111111111111-111111111 111 11111111 1111111 1111111
&meneutam 1111111111111111111 aud> 111 111111111111111111111
Ξ11111111111 ’111111 111 1111-111111111111111131111111111111 111 11
{own 1111111111111111, quo 11111111. at aliquem-*imm*
tum decessisse. 1111111111 11111, 1111111111111111111111 111
1111811111 111 111111 111111111111111 1111111 1111111111
1111111 1118111111111111, 11111111 1111111111 juce 11111111
'rio 11111111 ex jure' civili 1111111111 1111, mit 1111111111
Sonat* 12ss 111111 11111111 111111 1111111111 1111111111 &tart 31
bei 111 111111111111111 111111111119,1111111111
bet 111111111111111111111111111111 11118111111111111 111
18111111111111111111111 1111111111. - ’ ¹· ¹
111111 1111 1111) 111 111811111111111111 111 1111111111
111111 1111111111,11Μ1111111111 aad> 1111111111111111111111
1111 1111111111. 3111111111 111111 1111111111, 1111 111 1111111111
gau 1111, 111111111111111111 1111 1111 11111 1111 11111111, 11 1111
11111111111111111111111 111111 111111111111111111 111111111111
11111 111111 11111111111111111111, 11111. p. 111111111111111
1111111111111111111 1111111111 11111 11111111, 111111111111111 ·
111-111111111111111111 111 ieet 11111 111111 ,1111111111 ,1111
ben leghimi 11111 111 1111111111 1111111111111111111 1111 ,
111911111111 8111111 111 111 1111111111111111 namo 1111111,
(ξ. 1111111581.. 11111 1111111 111111 111 ’11111111111111111
11111111 ’1111111111 &imnum-mo 11 111111 111, 111 1111111111
111111111111111111111111111111 11111111111111111111111, 11111111
111 111 successio 111 1111111111. 1111 111111111111111111111
1311111111 bie ι1111111111 111 (1111111111 111 111111 1111111111, ,11
111 11111111 1111 11111 11111111111111111111111111 1111111111
1111111, 1111 111 1111111111) 11 1111111. 111. 1111111111 111 nur
1111111111 1111111111111111111111111111 &tan 1111111).-
11111 11111 11111111111 111 111 11 11111111111111 1111111111
ten (1111111111 11111 1111 111 1111111111 11111111111111 11111
11111111, 11111111 eud) 11111111111111111111111111111 11111

..ιιι-..ψαι-

1111111.111.118’.111111111141111118.Δ
41Νο.1118.1111.1.-111111111111111151111111111111-111111111
111111-1111.3.11111111111111111111111111111111111111111.

1. 1. 11 defunc 11ιί1 neque 1111111 neque 11111111 liberos, ιιι
111111ω11111111 ,, ,, , ·’

 

