1111111111 111 1. 1. b. p. 1. 81. 115

111111 111111, 111111 1111 1111 1111111111111111111111Ε11
111111 1111111 111111111111111 11111111. -—

11111 111111111111111111111111 11111111 111, 111 11111
111 11. 111. 111111111111111111 11111111 1111111111111111,
111(1111111111111111111111), 111111111111111111, 11111111
= 111111111111111111, 1111 11111 1111 111111111111111 1111111,

11111 11 111111 1111111, 1111 1111111111 111111111111111111111
11111111 11111111. 11111111 1111111 111 1111111111111111111
1111 111111111111111111111111, 111111111111111111
11111111111 111 111 11111111111111, 11111 1111111111
111111 1111111111 1111111111 11111 111 1111 1111111111 111111
11111 1111111111, 111 11111111 1111111111 11 [ngat.

1111 1111111, 111 111111111111111111111 111 111
Ι 1111 1111111111 &Aac 11 1111111111111111111111 1111. 1.
1. p. 111. 1111111111 1111 1111 1111111 1111111111,
111 1111 1111111111 11111111111111111111111 11111 111111
111111, 1111111 1111311111 111 11111111. 1611111 111111·
1111 1111, 111111111111 1111111 11 111111111111111111 flu 1111
nen, 111 11 111 1111111111 1111111111 111111.

1. 1111111111111. 11111 11111111 1111 11111 111111
gallen, 11111 1111111111 11111111111111111111111, 1111111

111 1111 1111111111111 11111 1111111111 111 1111111111111111 ·

1111111111. 1. h. p. 111, 111111111 11. 11111 11111111 scripti
heredes (1111111111 111111 1111 1111111111 111ῦ111111 ex·
111111 111111) 1111111 1111 1111 1111111111 1. 1. 111111
11111111 111111 1111111111 1111111 31, 111 1111111111111111
1111111111111111111 11 1111111111. 15111 11, 11111111
111111 1111111, 111111111111111 1111. 1. ⁴). — 1111111
111 1111111111 1111111111 111111, 111 111 1111 11111 11 111
11111111111111111111111111 1111111111 11111111, 11 111111
1111111111111111 1111 1111111111 111, 11 111 11111111

3) Gai. 11. 111.

11 11111111 1111 1111 11111111 11 fr. 11. pr. 111 1. p. 1. 1., 1111111
1111111 1111111111 1111. 1. ab heredibus 1111111111, 1. 1. 11 111
1111 1111111111 111 111 111111111111111111 1111511111 1111. 1.,

¹ 111 11111111 11 1111111111 per 111111 edicto, 1111111 111111

11111 11131111111111111 1111111111 111111.

Β*

 

