111 , &abiate 111 bu. pm·

611111111111111111111, 1111111 1111111111 111161 1111 bn· &rba
111111 1111111111 {bane (Si possessor 11111 esset, non dues).

11 [ient 111111 1111 1111111111111111111111161111111111
benten, 111 in 11 1111111111 1111111111 11111, 111 111111 &ets
111 111 1111111111 1111111111 1111 1111 1111811111 11111111
111111 111111.

ῧῠ 11 1111 11111111 111 611111 1111 111 1111111 gaug mit
11111111 111111, 1111 11111 11611111 111 1111 11111111 11111
1111. Det &iun 111111 1111111111 11111 [ebe 1111111111 111
1111111111, 1111111 1811111 1111111 11111, 1111 1111111111 autb
1111111 1111111111, 111111 11111 11111111 1111111 [ein. „ssrhon
111 111 1111111111.” - 1111111 111111111111111111 hoe ri- ψ
(lienium 111 in 1111 &inne 11111111 11111 111 1116111111,
1111 1111 1111611111 einen 1111 111111111111111111111
1111111111, 11 1111111 1111 111 11111161111111111111 111 bans
1111 nicht 111111111111111. 1111 111111 11 1111111, &itero
1111111111 111111 111111 1111111111, 1111111 111111111111
1111111 111111111111, 11 1111 111 111111111111111111, 111
1111 1111111111 1111 ,1111111111 1111111111, bie 11 1111111111
1111111111, 111 11111111 111111 111 1111111111 1111111111 11,
111111,- 1111 111111 11111111111111111111111111111 1111
1111111111 in. &0 1111111 11, 111 111 mort ridiculum 111111
111 11111111111111 111 1111111111 111111

2) 11111111 111111 im §. 116. 11111 1111111111111111 111
111111111111111 111111111111111111, 1111 111 man 1111111
1111111 111 111111 111 1111111 1111111 11111, - 11 1111111111
1111. 117 11. 118. 1111111111111111111111111111, 11111111
111111 11111111111111111111111 111111111 11111111 111111, 111

1¹4) &dmin 111111 11116111111111111111111111 ,11111 ridiculosa, i.
1. risu digna, 1111111111,1111 ridicula, 1. e. 1111111111
digna mihi 11111 res accidit.“ -

11111111 oieb! 111 11111 1111111 (1111111111 111 111111 11111111 -
ridiculum 111, 1111111111 nicht 11111 1111111111111111,11111111111
1111111111 1111111 111111, uber 11 111111111111111111111111111
111111, 1111 11111111111111111111111111111, 11111 6111111111 111
11111111 1111, 11111 translatitium 1111111111,1111111 111111111111
111111111111111111, 111111 111111 1111111111.

 

