11 ...ι 11211 πα·.8888888888888 ε· , ·’ 88

11 18888888 88818888888888 888 888·8;·8888888888888888888
1188888888 8881888 8888 888888 8888888888 888 88888818, 8888
’11888888 888 88888881 8888 888888 (888888 88888 88888888 888888
88 888 88888888 8888888881 88188888 fiir 888 888 ,
’18888881 eine 888888 8888888888 888 8888888888. ,88 888 88888
’1181888888888 888 8888 8888 888 88888 8888888888 888 88888881
1’”88888 8888888881 888 88888 88 888888 8888 88 8888888888 88888
1’11 ’8888888888 88888888 88888 tinem index 888 8888888888
1188888888888 88888 88 88 8888 8888 888888888888888888
1188888 8888888 888881 88888888 88 88 888 88 88888 8888881888
’1’888 8888888888888881888888888888. 88888 888888888888
888888 8888888 888 88888 8888888181 888 888 88888 8888888888
18888888818888888888888888 8888 8888881888 88888 88888
ζ’888888888 88888888 88888888). >mic 8888888888 888888
18888 8888 888 888888888888888888888888888888881888
’888· 888888 888888ῐί888· 888 8888888888 8888. p. 888888
:w 8888 8888888 8 8888 mle 8888888 88 8888 888888 888
’1888 888 im 8888888818 88888 888 888888 8888888888 88881888

· 888888888888888·.8·88
’888888 88888 8888888 888 88888888 88888888 8888 8888 88
8888 888 888888 81 888 88 8888 8888888888 8888888888 888
18881· 888 88 8888888888888881 8888· lene 888888 88888881 8888888
18. p. peti non 8888881888 wo 888 b ’881888 m intelli
oh, 8888888 88881888 888 8888 88 888 8..1) 88888 dat·

³). 818818 ’8888 888888 18888. 8888 818 8 Q. 888. 88 888 88888888·
888. .. 1 ·

, 8888888888 888 8888888888 88 888888 8888888888. Sd] 8888888
’888 888 8888888888 888 8888888888 888 888ίῴ888888 88888888 888
888 8888888888 888888. 8888. 6. m.. 8 O. ²01. 8. 6 8981
888888 8888888898188-88888. 188. 8888888.
zu 888 88881888 8888888888 b. 8. 88888 888 888888 8888 888 ’
88888888 88 8888888888 8888888881 888888 888 tinem 8888888 8888888881
888888888881 8888888888 fou 8888 beneficium :acuminum 88.[888
“ 8888 8888 88888888 ’8888 8888· 888 88888 8888888888 8888888188 88
· 888888 eud) 88 8888 88888888 8888888888888888881888 888888
88888 88888 8888888888. 8888888818.

μ

 

