l

1111111111111111111111111. 1. 1. 11

111111111111 1111111 111 61111111111111 1111111111 1111111111
11111 111111 11111111111111. &r 111111 1111111111111111111111
111111111111, 11111 111111 1111111111111 Eub! 1111, 111
fid) 111111 mit 1111 &mm „sed pontificem 1111111111ς 11
111 111 61111111111111, 111 11111 111 611111111111111111
θ111111 111 1111 111111111111111111, 111111111111111 11111111
11111111111111 111 61111111 11111 111111 1111, 11111 11111
11111111 1111 31111111, 111 11111 1111111111 111111.

Dice 11111 1111 1111111111 111 1111111111 111 1111111 1111
1111111 81111 1111111111. Det 11111 11111111 111 11111111111111
ὓ111111 111 pro 1111111 usucapio, b. 1). 111 3111111111 hurd>
11111 1111111 181111 111111 111111111111 &athe 1111111111
11111111111111 1111111111). 1111111 11111 11111 1111111111 111
1111111111 ὓ111111 11111 111111, 1111 1111111111 aud) 1111
11111111 pro herede usucapio, 1111 111 1111111111 11111111
sed> 111 111111 1111111111, 11111111 111 111111 11111111 &thules
net: „perinde hebeeter, queei 11111 pecunie· (111-111·
perit“. 311 11 111111 111111 1111111111111, 1111111111111
11111 1111 11111 111111 1111 11111 111 1111 herede 1111111111

1111111111, 111 1111111111 111 111111111111111111111 1111111 =

Μωῖἔῖῗῖῖθή 11111111111111111 11161111111111, 1111 111
511111 111111 1111111111 811111 111111 111 11111111 11111, 1111111
1111 11111 111Θ1111 111 1111111111 11111111 1111 ¹¹). 1111111

Ι 111) 11111111 1111111111111 111 5111111 111 ..... 111111111111111-

1111111111111111- 1111111111 possidendo 1111 111 111111
11111 111111 111 11111 11111111.

11) vie 1111111111111111111111111 1. 111 91111111 6111 1111111.-
11111111111111111 1111 1111111, 111111111111111111 11111111111 111
&teuc 11111 111111 111111111116111 1111. 11111111111111111111
111111 1111111111 1111, 11 111 1111111111111111 1111111111111,
11111111 111 111111 8111111111 111 11111111 111111, 1111 111 111311
11111 111111 1111111111 1111111111 11111111111111111- 11111 1111111
1111111111 1111 111111 &iun 11111 1111111 111111, 11 1111111, 11111
11 111111 11111, 111 111 11111111, 1111 1111 11111 31111111.

, 111111 111 1111111111 11111111. 11111 1111 111111 111 11111111 y
11111 1111111, 1111111 11 1111111111 1111 ‘tm‘ 111 ‘luem 11111111 ,

8111111111. ⁴

 

