118 11. Qud). 111111. &wiennam 111 111. 111. 1. p.

Qribdlung 111 111. 111. 11. p. 11111111 1111111111. 'M
1111111 11111111111111111111, 11111 1111 11111 111 111
&otte 111111 111 1111111111 11 111 51111 1111 temet 111
111111111111111, 111111 111 111 1111 111111111ῐί111 Dm
111111, 11111 (satus 11. 111-111111111111111111 111 Gis
11111111 111 11111111111111111111 111111111111. 3111, 111.
111 121. 1111111 11111111 111 11111111111111111111
familiae mancipatio 111 111 nuncupatio, 111111 1111111
111 1. 111. 1111 111 &am 111 11811111, 11111111 111111
1111111111 1111 1111111111 1111111111 11111 inutiliter 1111111
(1. 111), 1111 111111ιί1111 111111 111111 &catiniano 1111
bohen 1111. 111111 11111 1111 1111 1111 11111 1111111111,
111 111111111111111111111111111111, 111111 (111111 91111
111111 111 1. 117 1111111· 11111 111111 11111111. Remi 11
11111111 mancipationis 11111 11111 1111111111, 11 11111 etti
1111 11111111111111111111111111, 11 111 1111111111 111111
Τ111111111111111, Titium heredem 1111 jubeo, 1111 ma
niger 11111111 Titium 1111111111 1111 volo, handen insti·
111, heredem 11111. .

1111 &diue 1111 111111, 11111 111 1111111111111 81111
1111111111111111111111111, 1111, 111 111 1111111111 111
1111111111 11111111 1111, 11111 1111 111111111111111111111.
&ici 1111 1111
. 1. ι111 1111111111111111, 1. 1. 11111 111111 1111111111
11111111 111111111111111 1111111111. 1111111111111111.
141 111111111ῐί11. 111 1111111111 1111 111 11111111 1111,
1111 11111 111 111 jure 111111 aud) 1111111111 1111111111
1111, 11 1111 11111111111111, 1111111111 1111111111
1111111 jure 1111111 1111111111 111 11111111 1111111111 111
1111 1111 111 11111111 111 111.111.1.ρ.11111111111111
111, 11 1111 11111 1111 immet 11111 1111111111. 1111111111
1111111 testamentum 3111111111 1111111111 1111111.

· 111111 11111111 1111 11111111, 11 11111111 111111

11111111 11111111 1111111111 (1111111111 111 111111 111. 111.
1111. 11111111, 11111 fo 111 111 non 111111111111311111111111
111 1111 111111 11111111111111111. 3111111111111111
1111 11111 111111111111111111 111111 11111 1111 11111111 1111.
p. 111 111 1111 1111111111111111111 11111111, 111111 1111111111

 

