Mutuus 111 1111111111. 1. 11. 119 =

ξ 111113111111111.111111, 1111111111111 11111111111111111,

1111111 uns &minat 111111 1111111111111111111 1111 1111111111,
11119 111 11111111 111111. 11111 11111118111111, [a

1111111 ste 1111 1111 111111 1111111111 11 1118111111
11131111111111, 11111 12111111 11111111 11111, 11111
11111 1111111111 mill, 1111111111 fic 111111 111111 amoma
1111, 111111111111111111111111111, 111 fic 111 11111 1111.
1111111111111111111111 1111111111 11111, 111 111 1111111111
ten &telle 111 12111111. sn 111111 11111111, 1111 mir 111
1111 uns 1111111111 1111111111 11111, (s. §. 22 11111 13) iam
3111111111 111 1111111111111111 11111 gemacht. 1111111111
ia 1111 111111 111111 1111111 311111111111111111111111111111
111111111111111111111111 1111111111, 111 111111111111111111
11111111, 111 1111211111 119111111111111111 1211111113 tiz
tinen-&otuu 11 1111111111111111111 &ane ⁴) vorgenagm
111111, 1111111111111111111111111111 111, 1111111111 111111
1111111111 111 11111111111111111111111 111 111 11ιί 11111111 ⁵)
11111 1111 111 1111111131111111111 1111 1111 mit 1111
ᾥ11111111 1111111111 111 111 12 1111111 9111111111 sein 1111,
fo 111111111111111 111 1111111111 1111111111111111, 111 111111
11 1111111111 1111111111 1111 (111111 1111111111111, 1111 [o 1111
111 (11111111 111 (111111, mund> 1111111111ηὲ1 11111111 uta
111111 111111111111111, hurd> 111111111111161111 11111911
11111111 1111111. (11111 11111 1111 um 11111111 111111 1111
1111 1111111111 111, 1111111 et 1111111111 111 jebet 11111111( κ
111311111111111111111 1111111111 111111, 1111 111, 11111 11
1111111111, 1111 11111111 1111111111 11111111 11111, 1111,
1111111 in 1811111111 auf 111 11111111 1111111111 11111 11111
11. 1111 1111 11111111 11 111, 1111111111 111 91111) 1119111
111 1111111 111 (11111 111111, 111 1111. 13 111113111111111
111111111111111 1111111111, 11111111 11111111 1111 111111
11111111111111111111111. 1111 1111111, 1111 11 1111111111 1111

1) 1111111111 111111 111, 111 1111 111111111111, 111 1111111111 11,
1111 11111 1111111111 1111 1111111111111111111111111111111, 111
1111 ln Ulp. ΧΙ. 14. - XXVI. 1. 11011111. 11111. 1111111111
11. 1111 111111 1111111 1111 gu 11111 111111.

ὅ) Gon. leg. 1111. 1111. 111111. fi· 11.

 

