. Det 111116161111· 61· 1711. 811

bt, 1116661 11616 1661611611666111111611861166611111661 16611
1166 111 (ἓ. 116. 111616 6.). 3666611166616111111111116166
,τ Qus, 6611661 6666 6611616666 Qud) 16 666 111111
61611 111, 661661) 66161 6161611166116116 61616611111616 666
ue 6611116666 6616661661 (1. 1111116116), 666 1111 661
1111666111 166 6116 (1166611116, 1661616 1611161 6161166 11661161

66 6111161 1116111 6616161611 116666, 66611161 1161116166616166 ,

&edne 1161161166 1661161166 (1. 166).

2. 116166 6161666 1116 6116 6161111666 6111161166 6616166666
11661116 661 61661161116166 61166111611661 61661 66 6611 161 1161
116166611666111161166661 6161116 666616 1116116 611161 1116111 6611
’6111161 6661666616 11616616111611 bet 11. p., 616161161661611
16161) 666 (1116161161 666161616111116166 18611616661661161
16666661161166 1661666. 11161161 96111161 611 6. p. furiosi 666
616 1111 9161616166666811116 (ξ. 166. 161), 616 Carboniana
b. 16, 11116 bie missio ventris nomine (ξ. 79. 811).

&ie 661611661666 11611 genae 666 6616, 1661 16 ber Sesti:
6166611666616611161166 1696661119 b. p. beifit' 6. 1. 666
1661 6616111666 successio 61111116 praetorio, eine 1661116 1111
6611611169 1111161 116166 616111 61191161), 61 1666 6116 aud) 616111
66166 1666611 1666661, 661, 616 661 666 6161611616 6161161161,
bet 1111111166 66111 1111111161 fid) 116 6111161116 pro herede gestio
obet her. 1111116 166111161161 11616. ,1816116611 116111 616 missio
ventris nomine, 611 61116 16166 1111111611, unte 666 96611116
1111166 11161616 mie 61611 1666111111 6616661666, 16111666 616
Carboniana, 161166 666111 6616 6116161166 661 b. p. 111) 611
116166, 66111 66 611611 116111666161616 611111 6161611, 666 6161161
1116 616 b. p. furiosi 11661611 61 3611161611 6616116116661,
66116 661 1666661 116166 11611166116161 6616116611611616 1611 ²).

616616 616 11611 61616 6161 36111616 6611 661 6616111666
successio ex jure Praetorio 16616111ῐί11) 1111611 1111111661 Qu
6616611 6616166166, 16 1666 116 1166 66611 96666 1661611661
unte‘fflt. 1.·66111661666 161616111161661116111611661 661 61611
61661 6111161166 16 1166666. &aa 1661 1666 66161 6161111116
1111111111 ,666 161 1111. quor. 11611. 61161161. 1116 1111616661·’

m—

1) 11. 6. 1. c. 1111111. 111.Ι

 

