1111 111111131111111111. 1. 119. 1111

a 1111 11 111111 11111 111111 11111 11111111 11111111
&ruffinus 11111 11111111. 111 1111111111 1111111, 1111111

1111111111111111111 1111111111 11 3111111 111111) 111 11
11111111 11111111 11111 1111111111 1111111111 111, 1111 1111 11111
d> 11111 11111111 111 1111 1111111111, 111111 11111 11111111

111, 1111111 111 111111 1111111111 1111111, 111 111111111111
111 1111111111). 11111 111111 111111111111111111111
mg 111111, 1111 111111 111 1111111111 11111111 111111 11111

aud) 111 1111. p. 11 1111111111111111111, 1111111 1111 11 11111111
1111 111 111111118111111111511 (1. 6111111111. vl. ss. 19
111. 1.) 111111. 111111 11111111 1111111111 18111111 1811111111.
2) 3111111111111111111111111111111. 11111 11111111111111111111111
b. p. 11111 ordinandae gratia 1111 111 3111111 111 1111111111
merel. Et 111 dicunt, 1111111111, antiqui 11 moderni de hnc
b. p. nuno excepto, 1111 solo 1111. (11111111. cum 1111 qui
1111111111 eum, qui 1111111 tolum 111111. 1111111111111111111
1111111111 b· p. 11111 liberi, 111111 1111111111 11111111, 111111,
1111111 111 1111111 11111111, 111 111111 ligaret hereditasi3 111111
11111111111111111111111111111 111. adit. 11111 11111111 111,
111111 11111111111111111111 11111 1. p. 1111111111. Voluit
Praetor, quod 111111 volens querelam intentare, agnoscat b. p.,
111111111111 velle agnoscere hereditatem. ·· 8111111 11111111
zat. 111111. 111 b. 1. c. 1., 111 1111111 emancipatus 1111111111·
11111 111, 111111111111111111111111111111) 111 111111, 11111 11
11111111111111111111 1111. - 11111. p. 1111111111, 1111111111
1111111111 3111111 11111111111111111, 111111111111 11111111 1111
111111. &t 11111111 1111 11111, 111 1111 111 1111111111 111111111111
1111111 11111, 111 11111111 1111, 11 1111 111 11111 quae 1111111111
111, sed 11111 11 Graeco. - 3111111111 1111 1111111111
11111111, 111 11111111 111 1111111111 111111 11111 1111111111
1111111111 111111 11111111 111 necessarius 1111 voluntarie (1111
11111111 111, 1111111111 beneficium 11111111111111111, 1111
in 1111111111111111111, 11 11111 111 11111111 ,111111 11111 1111 11-
, 1111111111111111111111111111111111 1111111 (1111 111 1. p.
111111111111), 11111 1111111111 non potest 111111 desinere he-
11111. 11111111 1111111111111, mie 1111 1111111111 1111, 1111.
11111 111111, legitimi 111 cognati 11111111 utilis, 111111 11111
11111 111111 111 11111111 111111. 111111 1111111111111111111 1111
¹ 111111111111111111. 11111111111111111111, 111111 111 1111111111
1111. 1. 0. unde liberi, 11 1111 qui 1111111111 111 huo 11111.
1111 effectum 1111. 11111 1111 1111111 11111111 aed quotquot.
1111111, etiam 11 mine 1111 1111111111, 111111111111111.

 

