111 ’ 91111111 111 1111141111.

1111111 11111111 1111 1111 111111 1111111 1111111111 11111 ¹¹).
111111111111111 111111111111 gu 111111, 1111111111111 1111
1111111111 111 11 111 &athe 1111111111 111 111 1111 111111 111111
111111 1111111, 111 1111) 111 31111111111111111111 111 111
· 11111111, 111 decedere, 1111111111 11111, 1111111111
1111 1111111111 11111 111 Ε1111111111111 111111111111111111
111, 111 1111111 111111, 1111 111 111111811111111 111 ῧ111
111, 1111111111111111 1111111 111111.
1311611111 11111 111 1111 1111111111111111111111111111
111 11111111 1111111111 111 111 11111111111111111113111111
1111111111111111111, 11 11111 111111 111 1111111111 1111111
1111111 11111111 11111111 111111, 11111111 1111 11, 111 &orm
11111, 11111 1111 1111111 11111111111111111, 1111111 111
1111111 1111111111111131111111111111111 1111. 11 11111
111, 1111111 11111 11111 1111111, 1111111 1111 1111 1111111
6111111111 3111111111 311111111111 111111 1111111, 111 1111
1111 1111 11111 111 111 1111111111 31111111 11111111), turstanz
1111111
8111 1111 1811111111 111 12 1111111 1111 1111 111111
1111 111111111111111111111111111 1111111111 111111, 1111
11111 11111 1111 6111111111 111311111111111111 111111 11111
1111111111111111111 111111, 11111111 1111111 111111111111111
, 11111 111 111 11111111 311111111111111 1111111 111111 1111111
1111111 11 1111111111 1111111 1811111111 111 12 1111111 11111
111 31111 111 1111111111 11111 111111 11111 flu 1111111111
„Uti 111111111111111111 pecunia 11111111 1111 rei, 111
jus esto.“ mas 1111111111 11111 611111 1111 1111 31111111
111111, 1111111111111 1111111 1111111111 1111111111 111 legitis
1111111111, 1111 1111 111111 1111111111 1111111111111111111
111111 11111111, 111 111 111111 (111111 11111111 1111111 11111111
11111111. 111111 1111 11111111111111111111111111 1111 ’11111111
“ hiat, 11 1111111111 111111 destitutum testamentum 111 bona

111111. J. de 1111. 1111111 111. 1111111111 decedit, qui 111 11111-
· no 111111111111 non 11111, 111111 111111111,11111111111 se·
Ι11111, ruptum 1111111111 111111 111, 11111111 ex 11 111-
111 11111111, Gon. leg. 1111. 1111111. xvl. 31. 1. ’
11111111.(111111111111111.111111.

 

