7777 77777ιί77 actiones. 7. 47. U

(77777777 777777 77777 777 7777777777 7777777 777 7777777, 77777
eber 7777 777 7777777777 7777777 777 777777, 7. 77777 7. 37.
fin 77777 4.) 777 her. pet. nut 777 7777777777 777 7777
777777 geht, 77 7777 777 77777 7777 77 7777777777 7777, 777 77
777777 7777777777 nod) 7777 7777777 7777777 777, 77777 777 fit(
77777 7777 777 77777777777777 7777777777 77777 ⁵).

7) 7777777 7777777 7777 7777 aud) 7777777, 777 iu 777777
977777, 7777 in 7877777777 777 777 7777777777 7777777 777
Mage, 7777 7777777777 777 her. pot. 777 777 7. p. nicht
77777777) 77777777 777, 77 77777 7777 nod) 777 eine 777777 7777777 Ι
8777777777 777 777777 77777777 77777777. 7777 id> 777777 77777
flu 7777 au 777777. 777777 ἰώ 7777777777, 777 777 77777777 7777777777
6777777777, 7777777 777 77777777 777777 her. pet. possessori·
7777777777. fid) 777 &adn 77 77777777, 77777 7777 77777777 77777
7777 7777777777 77777 7777 77777777 777 77777.

ssenn 77777777 bie 777. pet. 77 7777 777 7777 7777 777777
77777777 777 &bream 7777, 77 ist 77777 777) 777 materiale
777777 777 affigere 77 7777 77777777 3777777 777 7777777777 777
m 77777777ιὶ77, 7777777 777 77717777 777 77777777 77777 in

...-—--.--—

5) 7777777 (mattiae 1. 77.) 77777 777, 777 777 fictitia 777. pet. 77777
777 87777777 777777 777777 777777 77 Α. Α. Ι.. §eii 77777 met,
77777 si 77 hereditas de qu· aghur, ex jure Quiritium 7777 77-
set. - 77 77777 77777 777 stage: 777 heres 77777, menn 77 heres
777) - 1777777 7777777 77. 777 777 777. ρει. 777 7. possessor nm
77777777) 7777777777 7777 non 777777 7777777777 7777777777 'actionem
7777 7777 777 7777 777 87777777 77177777 777777 77. 77777 77 777777
77 7777777 777. 777 777 7777777777 077777 777 777. pet. 777 lum
77777777 777 7777777777 7777, 777 77 777 heredia 77777 wat, 7777Ι
777777 77 77777 7. possessor 777) imum 777 777 777 7777777 (ltus
7777 7777777 77777 777777 777777 mit 77777 7777777 77 77777 7777777777 K
8777777 7777777 7777 7777 7777 77777 77777777, 777 77 nod) 77777
her. pet. 7777 7777 7. possessor 7777, 777777 777. 77777 7777777777
7777 tinctiones, 777 777 777 7. p. 7777777777, 77777 directae
7777 77 777777, 77777777 7777 fictitiae. 7777777 nun 777 her. 777. 77777
777 7777777 77777777 777777. 77 77777 77 777 777 7. p. 7777777777 7777
7777777777 77777777 7777, 77 77 7777 77777777 77 unctiones, 777
777777 77 777 8777777777 777777. (ὅ. 7777 7. 76. 77777 7) - 77777
777 7777777 7777 7777777 777777777777 7777777 7777 7777 777) 7777
7777777777 77777777.

 

