nuatione 111 1111111111111111. 1. 114. 111

31111111 1111 11111 11111111 111111, 111 111111 1111111
[nug 11111 1111111111 11111111 1111111111. 1111111111 111
§numentinum 3111111111 iu 11111 (111 111 1111 1111111111
ber Suffimtisueu) 1111111111, 11 1111111111111 su 111 11111
&uus 111 111111111111111111111 1111111111 uit 1111111111
11111 1111111111111111, 111 1111111 111 1111111111 11111111
wgu 11111111 1111111111, 1111111111 1111 1111111111111311
1111111111 11111 111 11111111 111 11111111111111111111111
’111 1111111111 1111111 11111111 111111. 111 111111 1111111
11111 1111111111 111 31111111 111 l. 14111 111. 1111111111.
heu, 11 11111111 31111111 1111111111 1111111, 11 uelle 111111
’1111111111 111 11111111111111 (11111111111111 11 111 1111111
11111111 1111111111111111 111111111111, (tanqum si om·
nes legitime jure venient, legitime jure hereditatem adi-
pisci sanximus, legiljmu successione digni reperti). 1111
111 1111τῦ111111 11111 11111111 11111 11111 11111111111111Ι
11111111 11 1111 11111111 111111 111111111111, 111 111 1111111
111 111 1111111111 11111 11111111111111111111111111111111111,
1111111 11111111 11111111. unu 111 111 1111, 1111 &uste
1111 111 111 &nuestus 111 11111 1111111 111111 1111111111111,
1111 111 11111 11111. 11111111, 1111111111 1111 111 3111111111 111
1111111111111111111111111111111111 11111111 1111111. §t ’
1111111 11111111 11 111, 111 11111111 111 1111111111111111·
1111 111111111111 111, (11111 1111 11111 111111 seit 1111

1111111111 111 111 1111111 11111 1111111111. 1. 1111 11111111 111.
6. 116. 111111111111111. 1. 811. 11111111111111111.
111. 1. 6111111 &ube 1111111111111111111111111111. -
’ 1111 111511. u. 1127. 1111 11 1111111111 111 111311111111111
³ 1111111. 111111 11111111 111111111, 111111 1111111111 111 setes
1111111111 111 1111111111111111. &Bet 1111111 11111 &indutumque
1111 1111111 111 11111111 11111111 su 1111 (1111 111111 11111 111111
, 1111 111 beneficium inventarii; 1111111111111111111, 111
¹ 1111 11111 111 1111111111 111311111111111 1111111111 11111111
1. deber. quel. 11 (1111), 11111111 1111111 6111111111 11111111,
111111 curn 111 siue re, 1111111111111111111111111 11111
11 11111. 1111111111111 111111 111 11111111 111 1111111111 3111111
111. - 11111 1111111 111111 111111 1111111111 111 1111 1111 1111
(11111111 1111 11111111111111, 111 1111 1111111 1111111111),
1111111111111. ·

111111111111111111. 111. u. 111111. 1, 16

 

