1111111111 11111111111111. 1. 181. 111

11111111 111 11111111 (111. 31. 311. 2.). 1111111111 11111111,
’1111111111 1111111111111111 1111111111 1111 (1111111111 111
1111111111, 1111 11111111111111111111111311111 111 1111111111

1. 11111111 1111111111 111 111111111111111111111111111111
111111 (1111. 19. 1111. 9.). Ab 111. 1111111 111. 33. 11111111
111111111 111 1111111111 1111111111 311111. zm 1111111111 1111
111111111111 11111111 118. 111111111111 (1111. 31. 35.)
111111111111111111111111111111 1111111 1111111 111 1111111
1111111 31111111, 11111 111 111 111111 11111111 mitet (31.) 111
1111111111 1111111111 (1111111 11111111. &a 111 1111 1111 uns
’11 1111111111 1111111111ῧ11111111. 1111111111111111
111 1111111111 1111111111 111 (1111111 ((111. 1.) 1111111111 111
11111 1111111111 1111111111 1111 111111ῧ111 1111111111 11111111
111111 11111111 1111. 21 1111111 11111 1111111111 11 111, 1111
111 1111111111111111 111 11111111 11111 11111111 111111, 11 11111
1111 1111 1111111111 11111111 11 1111111111 1111111111 1111 (1111111
111 1111111111 (5111111111 111111111111 1111111111 111111 111
11111111 1111 1111111111 1111111 ¹⁰). 3111111111 111111 1111111
1111 1111111111 111111111111111111111111) 1111111111, 11111 11111
1111 111 1111111111 1111111111, 111 11 111111111111 1111.
111 11111 31111111 1111111111 111111 1111111111, 11 1111111
18111111 1111111111, 111 111111, 11 11111111 (111111 111111
1111111 11111111, 1111 (1111111 11111 111111 1111111111
1111111 11111) 1111111111 1111111 111 1111111111 1111111111, 111
1111 1111111111 11111111 11111111, 1111111111 111111 111111
111111 11 1111, 1111 1111111 11111111 11111111 1111111111 11111 ’
111 11111 - 161111111111. 1.) 111 31111111 1111111111
111 111 1111111111111111 1111111111 11111111 111111, 11111 11111111
11111 11111 1111 1111111111 11111 111111 111 1111111111 mit 1111
1111111111 111 1111111ῐί111 θ1111111 1111111111 11 1111111111,
1111111111ῑί11 11111 111111 1111111111111111 11111111111111
1111111111 1111111111 1111111111 11111111 ¹¹). - Qun 1111

-Ἥ

111) 181111 (1111111111 111 111111111111111111 11111111 11. Θ. 8111)
1111 11111 111111 &teum 11111111. 111 Ι. 111. (1111111111. H.
1111. 11111 1111 1111 1111 311111111111 111. 11 1111111 11111111 111
1111111111 111 missio Hadriana 111 111111. quor. bon. 11
111111 1111111111 1111111111.

ΙΙ) 111111111111111111111111111 1111 1111 11. 11. „sin 1111111 111·

 

