11111111. 1111 111111. 1. 31. 111

ι 1111111, 1. 1). 1111 1111 ῷ1111111 1 6115), 11111111 111 11111

11111111111 111 ᾖο-[ἶῐῖιῐυο. 1111111111. pet. 1111111111)

¹ 1111 ieet 111111 111 111 18111111 11111 11111 111111 1111111111

111, 111 1118111111111111 111111111111111111111 81111 111
111111 111, 11 1111111111 1111 111111119111111Β1111111ῃ
1111111, 11 11 11 1111111 11111111 111111 M} 1111111111
pne 11111191, 1111 1111111111 111111111111111-1111·
Hom. 111 111111 1111111111 1111111. ,311111111111111
6111) 111Ι 111111 11 111111 111 11111 11111111 11,
1 11 11111 1111111 11.111111111111111111111111111111,
11 mr 11 1111 11111111, 111 111θ11111111111 1111 111 11111
1111111111 111111111111111111111, 1111, 111111111111111111
1111111111 11111111. 111, 111111 1111 11111111 111111 molt
gab ⁷). 111111 1111111111 111 11 11111, 111 11111111111111111
11 1111111 1811111111 ῃδ1111111111111111111111 *rm-td·
11111 wasme 111111ρὶ111 &inu 1111111911,ῃῇ
malae 11111 11111111 11111 11 1111111111111111111111.1
possessor 111 1111 111Ε1111 111111111111111111111 1111111 1))
11111111 11 111111 1111111111 111 11111 1111 1111111111 1111111

1111111111 &lune 1111 1111111 1111111111 111111111111111111111).

1111111111.

ὅ) 111. 111. 1. a 111 her. 111.

’1) &a 11111 11111111 1111111111, 111 1111 1. q. 31111111111111 6111111
111111 111 1111111 1111111111 1111 1111 11111111 111. (6.1111111
Β11111111. 6. 81. 11111 111). mauu, 11111111 11111111 111111
11111 1111111111, 11 11111111 1111111111111111111111111111.
11111111 111 11111 11111 111111, 1111 111 61111 111111 11111111. 81111
1111111111 1111 11111, 11111 1111111111 11111111111 &tta 1111111111,

Ι11111111 Gaius 1111111111 1111111 1111 11111111111111 0111111111

1111111111 111111, 11111111 1111 1111 1111111111 111 61111 1111
qut 11111111 1111. - 111111 1111161111 11111111, 111111 1111111, 111
1111111111 11 11. 111. 1. a 111. 111 611. 11111111111111111111 111
1111 1111111 (,,1111111]·11 11111111) 1111 111111111111111111611111
1111111111 11 1111111111 111111 81111111111111 111, 111 11111 1111111-
11111111111111111111, 111111 11111111, 111 1111111 1111111111 81111111,
111111, 1111 111 111 1111111111 111 1111 heredium petitiones 11111.
11111 1111111 11111.

θ) Fr. 11. 1111111111. 111.

9) 6111111111θ1111, qui putat 11 1111111111 esse, 1111111111ιί dicit
11 loco 11111111(11111111111) possidere.

 

