81111111111111111111111. 1. 181. 111

111 1111111111 111 1111111111 1111111 111 1111111111 111111
111 1111111111 1111111. - 11131111111111 111 1111111111
1111111 (1111. 11. 11.)11111 111) 111 1111 1111111111 11111111 gez
1111111. mae 111111 1111111111111 111 1111111111 11111111
111 111111 1111111111 1111111, 11111 11111111 111 11111111.

11111111, 1111, 11 1111111111 1111111111, 1111111911111111
11111111. 11111111 11111 11 111111 11111111 1111111111111111111
1111111111 6111 1111111 111111. (mit. 18.) 1111 1111111111
111 1111111111 1111111181εςτίῇ11 11111) ab 1111111111 1111 1111
111111 118 xit. 2111 111 11111111111111111111111111111111111
1111 1111111111111111, 11111111 1111 1111111. 1111111 11111
1111111111.”

11. 1111111111ίῴ 1111111111 8111111111. 16116.
[1111111111 1611 11. 1688). 1111111111111111 11111111 11111111
>ige 1111111111 111 111. 111. - Die 1111111111 111 11111111·
1111111 1111111111 (11. 11.), 1111 11 111111 1111111111 1111111111
11111111) 11111111. 111111111111111 1111111111. 311 111. 17. 1111111
sid) 111 (1111111111111111111111111111111 11111111111111111111
111 1111111111 11111. 8., 1111111 1111111111 1111111 111 111111.
111, bem spat. 11111111. 1111 1111 111111.11111111. -- 111111.
1111 111 11111111 1111111. 118.. 1111111111 111 11111111 111

11111111111 6111111111 11 1111119 111 1111 8111111, 1111111) ,

1111 1113111111 111 Θ11111111111111111 (111. 11.) ¹²). 11111
11111111 aud) 1111, 11 fid) 1111 1111111111 111111111111111111111
fruge, 11111111111111111111111111111116111111911111 1111111111.

11. 111111111111111111111111111111111191616.
- 1111 11111111191111 111 111111111119 111 1111111111
[111. 1. 1111. 1.), 111111 111 1111111111 1111111111111111111111,
111 111 1111111 11119111 111111111111111 (111111.) 1111111
1111111111. 1111 fid) 111 111111111111111811111 111 11111111
11 11111111. 11111 111 11111111 11111111 11111 111111, 111 jus 111-
)111111111 11111111111. inventarii. 1111111111 11111 111111
111111. - Ab inlesum 111111 fid> 1111111111 1111111. 118.
[lv. 1.-5.), 111111111111111111 111111111111 (111. 6.),

-t———t—nm

11) ,31111111 11111111 111 11111111111111111118111111111111111111111
6111111111, 11111111118111111 1111111, 111 1111111111 611111
111111111111111111111 11111 1111111111, 1111 1111 111111 111111
angen, 111 11111111 6111111111 111111 111111 11111111.”

 

