1111111111111111111111.1111. 1. 11. 111

11111, 1111111111 111111, 11 111 11111 1111111111, 11111111
111111 11111, 11 111111111111111 111 1111111 11111111, 111
’1111111 11111111 311111111111111 11111111. 11 1111 111111 ,
1111111, 111 11 11111 111111111111111111111111111
1111111111 1111111 fr. 3. 1111111111 111111111111111
111, 11111111, 1111 1111 (1. 11. 11111 1)111111111111, 1111,
111 111Β11111, 11 1111111111 1111111111 111111111, 111
111 1111111111 1111111111 1111 111 11111111 111 11111111 11
1111111111111. 8111111111111 11111111111111111111-
sumenti 11111111, 111 1111 11111111. ss 1111111 111111
nur 111 11111111111111111 11111 1111111111 1111111111 111
111111, 1111 sies 11 1111111111 111111 111 11. 111
. 1111 1111111111 11111111111111 11111ῧ1111111 111111
8111111111111111 111111111111 111111 11111. 11111 111111 ’
11111 111111, 1111111111 1111 111 1111111111 111111 111111
1111111111, 111 1113111111111 111111111 111 1111111111
8111 1111111111 1111111, 11111 111111 111 b. p. 11111 11111111
1111111 111111, 11111111111111111 11111 11111111 intestati '
11. p. 111111111111111111111
1111111 11 11111111111111111.21. 111 b. p. 111. 1111.
11161111111111111111, 1111) 1111111 1111111111 1111111111
1111 11111111 11111111 1111111 111111.
Bonorum quidem possessio 111111111Ρ11111111 1111-
nisi 1111111111 sss 11111111, quse septem testium
signis signatae 1111, peti posse in dubium 11111
venit.
3111111111 gem 11, 111 11111111 1111 1111181111111
11111111, 1111 1111111 11 111111111111 1111, 111 11111 1111
11 111 11111111111111111111 11111. p. 1111111111111111
11111, 111 11111 111 1111 11111111 11111111 111111, 11 1111111
signasse 1111. 11111 111111 11111 111111 1111111Θ111111,
111 111 1111111111 1111111 11 111111 111111, 1111111 111 1111

111111 11111. (1111111 11111 1111111 11 11111

1) 81111 11 111 1111111, 11111111111111111111, 1111111111
1111111111 1111111111 1111111111 111111, 11111111111111111111 ”
1111111 111 111 111 111111111111111 111 11111 111111

 

