1111111111111111111111. 1. 181. 111

matium 1111111111 (1111 1111 111 1111 11111111 1111111τᾶ111
11)11111111111111111111111111111111111. 56. 11. 13).

, 3. 811111 1111 111111 1111 6111111111 1111111111, 111
’1111111111111111111111111111111111111ῢ111111
1572. 111 11111. 1111111111 11111111 11111111 1111 11111111
111111 11111111 11111111 111111. 111111111111111 1111111111
11111 11111111 11111111 (donationes 11111. bon. 111111 mor·
111 1111111) 11111111 1111111111, 11111 111111111111111111 (111.
nom. 1.) 1111 1111111, 1111111111, ,11 ab 1111111111111
11111,” 111111 1111 11111111 111111 (11111111 ,,111ὓ1111111 ex
lege Falcidi-¹¹ 111111), 11111111111ῧ111111111. 1111111) 11111
[011111.2.) 111 donator ,1111 1111111111 1111111111, 11 11111111
111 1811111111111 11111111. mie 1111111111 111 111. 11. 1111
11111111111111 1111111 1111111111 1111111111, 11 11 11111111
11111 11111111 momente! 111 saltem jure Ρη1111111111111.
11111 1. 1811. 11 1111113), 111 111111 1111111111. 11.) -
111 intestato 1111111 11 1111111111 111 gem. 1111111 11111
111111111111111111111 (Gom 17), 1111 111ῢ11111111111
1111111111 1111 (11111111111111 11111111 (1111 1111111 1111111
11111 11111111111111 1111111111) 11111111 1111 11111 111111. 111.
11111111(131111. 11. 18.) 9118111 11111111111111111111
1111, 11111 1111111 11 1111, 1111 11111111 11111111 1111, 111,
111111 11111 111111 11 1111, 113, 1111111111111111111111
1111Β11111111 111 1111111111 (11111 1111111111 1111 111111
111111 111 1111111111111111111111) 11111 1111 1118111
11111 111 1111111111 111 11111111 1111111111, 111 111111
1111111, 11 11 11111 111111111111 111 (1111111111111111111
(111111. 20.) 1111 111111 1111111 11111111 11111111, 111111
81111111 111 &erube 111 &tau (const. 21.). 11111 1111. p.
unde vir 11 uxor 1111111111 111 1111114), 11111 111 &magelaus

111 &then 11111 111 11111111 111ὓ111111111111 (const. 38.)

11111111 111111111 111111, 1111111111 11111111111111 1111 11111
1111111111111 1111111111 1111111111 1111111111 111111, 1. 1111
1111 611111. 1111111111. 1. 331. b. 1111 11111 11111111111ῦ1111
111 111 1111111111 (1111111111 11111 1111111111 111 111111 11111111
11111111 11111111 111, 1. 1111111111111.316.11. 3111111111 111
111111111111111111111111111111. 1111111111, 111 b. p. agnitio
111 1111 111111 testamentum ex jure praetorio 111 11111 &pun

28*

 

