166 &ubjecit 111 bon. 1111.

1111 1111 111111, 1111 1111111111 1111 1111 11111111 111111
sm misit 11111 111111 1111111111 111 1111111 1111 111 1111
11111111 1111111111, 1111 1111 111 1111111 SC. 111 1111111ῐί111
1111111111, 1111111 1111111111 1111 11111111, 111111 111111,
titt 111111 1111111

nit 111 11111111 1111111 11111111 1111111111, 1111111
1111111111111111111111 111111, 1111111 man 1111111 11111111,
’ 111 111 (1111111111111 1111111111111. 1111 1111 1811111111
1111 11111111 111111, 111 1111111111 1111 1111 111111111111111
111 SC. 1111ῧ11111111 111 1111111111, 111 11111 1111 bea
11111111111111111, 1111111111111 1111, 11111 1111111111111111
111111111111 111 11111111111111111111111. 11111 1111111111τὺ11
11111111131111111 1111 SC. 111 11111 111 1111 111111
¹ 11111 111 1111 1111111111 11111111 1111 11111111, 111111 111
111111111111111 111 1111811, 11 11111 11 1111111111 11111111
11111 1111111111 111, 1111111111 111. 1111 11111 11111 1111
· 111 1111111111,Δ 11111111 1111111111 1111111111 11111111 11111-
, signatio 1111 1111111111 111111 1111111111 11111, [11111111 111
:¹ jener 1111111111, 11 111 11111111 111 11111 1111111111 111
² SC. 1111181111111111111111111.
81111 1111 111 obsignatio 111111111111111111 1111111111
1111, 1111111111 1111111111 1111111111 1111111111111111
111 ¹⁴). 11111111 111 SC. 1111111111 1111 1511111111 111111
beticii, 11111111 1111 11111111 1111, 11111111111111111111,
1111111111 1111111111 111 111111 111111 11111111 11111
12 1111111111 1111111 1111111111. Die signatio 1111111
1111111111111111111 11111 1111111ῐί111 1111111111111, 111111
311111 1111111111 1111111 1111111, 1111111151, 111111111111

111 1111111111 ὅ. 111. 11111111 1111111111 111111. 1. 1116. 13.

111111 111111111111111, 111 111 1111111 111111 11111111111111111
1111111111 1111 obsignatio 111111111111, 1111 111111111111111
111 1111111 11111111111111111111111111, 11111131111111 11111111
11111. — (111111 11111111111111111111 1111111 1111111 1. 1. D·

 

