111 1111111111 1111. pons.

. 1111111111 11111111111111 &mutuaenutuae 1111111 1111111. 11111

1111111111 111 111 111-111. 1111111 111 1111111111111111 1111
qui dolo 111111 desiit possidere 1111111 111111111111111111.
111111 1111 111 1111111 1111 111111111111111111111111, 11111111
1111111 11111111 gasse, 1111111111 her. pet. 1111111111 1111111
111111, 1111 111 1111111111 11111111 1111111 1111111111). - ’1111111
11111 11 1111 1111 1111 1111111111 1111 111111111111111 11111111
11111111 111111 11111111 &chuza 1111 1111111111 111111 {smum
1111111111111 1111 1111111 (121.) 111 11111 11111111111111111 ,
11111 1111111111 1111111. -- 1111 1113111 111 11111111 1111 ,
11111 8. 1111111111 11111111 (1111111 111111111111, 111 11111 11111 2
11111111 1111111111, 111 11111111111111111 1111111111 1111
1111111111111111111111111).- 11111 11111 11111 11111 11111111
11111111111111 11111111 111111, 11 111111 1111111111 11111ὣ1

¹ 1111111111 111 111111 1111111111.

1111111 111111 1111111111 1111111 111111, 111 8111111111
auf 11. 1. §. 1. quor. 11111, 11111111 111 1811111111111 111
11111111, 111 11131111111111111 11111111111111111 posses-
sores 1111, 1111111111 1111111 1111. 111111111111111111111 1111

1111 11111 11111111 1111111111 11111111 (1. 1. 11111. 1. 11111 9).

1. 10. 1111111 11111111 1111111 1111111111 111 b. p. 111
111 1111111111 111 lut. quor. 111. 111111111111 her.
1111111111111 11111, 11 1111 11111111 111 aud>

2) 1111111 31111 1111111111111111111111 1111111111-

11)11)1111111111,111 1. 11111111 111 111 (111111111111 (11. 1. pr. quor.
111. 1. 11111. 111 11111111, 1111111111 11 1111111111 111111- Da
. 11111 1111111111111111111111 de 1111 bonis 111 11 1111111111,
111, 1111 111 1111111111 111 1111111, 111111 1111111. 11 1111111
111111, 1111111111 111111. 11111111 1111111 111111 11111, 1113111
1111111111111111111111 111111 1111 11111, 1111111 1111 id, 111111 111
1111 bonis possides, 1111111111111111,111111111111111
11 11111111 11111 11111 1111111111111111111111111111, 1111 11
1111111111 11111, 111111 11 111 1111111 111111, 111111 111111111 1111111111
11111 11111111111111 si 111 1111111111 esset, 11111111111 1111111
111.
11) Gt 1111 1111111 11111 111 11111111 111 1111 bonis 1111111 1111111 11111
11111111.

 

