111111111111111111111111111. 1. 1111. 1811

11111111111111 1111111111 11111 111111111111111111111111111111.
5111111111 111111 1111111, 111 flu 1111 111111111111111111
gen, 1111111111 11111111111111111111111111111111-
rium 11111111, mit 111111 1111111 111 111 1111111111 111

einen 11111, 11111. sn 1111 111111111111111 ⁸

Quamnam, 1111111 1111 111 111111111111111111111111111,
1111111111) 111 111111111111111111111111111111 1111111111
Ξ11111111111111111 1111.111111111111 contra tabulas, 1111111111
ι11111111, unde liberi, legitimi, cogniti, 1111111111 1111
111111111111111 111 11111111 111 1111111 111111111111 11111
Ι111111 11111111111111 111111 1111111, 11 111 3111111111 11111
bie b. 1111111111 exlegibus 111111 1111111, 111 111 1111111111
111111 extraordinarium milium 111 111 &teliu 111 111 ibas
11111 1111111 1111111, 11111111 3111111111 111111111111111.
11111111 1111 1111111 1111 1111, 11111111 111111. 118111
1111 11111111 111 1111111111, legitimi 1111111111111111
1111 1111111111 11111111 1111, 111111111111111 111 11111111
111 1111 11111 111 h. p. unde liberi, 11111111111111111
1111 antecessoriam edietum 1111111111 11111111, 1111111 11111 111
11111 1111111111 11111111111111 11111ῦ1111111111111 1111111 111,

ἰ11111 1111111111) 111 111. 111111111111111111111111111 ·

i 1111111111.
¹ 11111111 11111 1111 111 111111111111 (1111111111 in .
² 1111111111 11111111 11 11111 1111111111. (1111111111 111111 in

1811111111 111111111111111 1111 1111111111 1111111111 itis
¹ 111111 111 111 81111 11111 eumenio &tatu 111 1111 1111111 111
³ 111 1111111111 111111 111 1111111111 1111111111 1111 111111111111111
¹ 1111111111, 111111111111111111111 hereditas 1111111 111111 111
² gegen 11111111 11111111 1111111 111 1111111 111 [1111118111 111
¹ 1111111111111111111111111111111,111111111111111111 2
¹ 111 111 3111111111 11111111 11111111. menn 11111 111 111 111
¹ gmbe 11111111 1111111 3111 agnostin (111111111111111111.
¹ 1111111111 vices 11111111 111 1. 1. 1113. 111111), 11 1111 11111
¹ 111 1111111111 111 111 11111111111111111111111111111111
¹ 1111111 1111111111 11111111. 111111111111111 11111111
i 11111111 111 11111111 811111 1111111111111111, 11· 11111 1111
i 1111 1111111 11 111 1111111111 111 1111111111 1111111111 111
¹ 1111111111 1111111111 1111111111ιὶ11 gestio 1111111111 2).

1111, boumn 1111111111. 81. 11. mii· 11. 19

 

