mas Interdictum 6166. bon. 6. 56. m

66611661 66 66666 666611 66 61116,616·66161666Μ

mma quentin. . ¹. .

3666611666 mit 6666666 666 6166166666 6161611611
6116661, 616 66661 611 ione 6666666661666611 66161
6161616666 1666, 66666161 61661616 611 666666 &cama
611116 6666, 661661 66 666 666 16516 6616666666 pens
661166 616666 666 hurd> befonberoe 1116166116 66 6661661666
6661661666 661116. 61666 66166 61666666 1666 66661666
666666666666666 666 616 eine 16666666616666111...
mm 66616, 66 ει· ber 661666661-
66616 cognitio 661116616666,6666616 bei 66τῆ 1666616 arg,

lffiUWmWffitgfs 116 666 666 6666661).
111Τ666Ῑ6Τ16Τ6ἶ666666666 66 ὃ 6111166616 61166

ben 661166, 66 616 666 bier 66616166 66611, 6611161 166611,
11661166 6166 Interdictum quor. 666, Salvianum 666 frtu-

515666 6116 bin 66616661 6116666666 611661 51. 616169. nne
66661161 &mle 1161161.

5) vat 666 666 66666666666611666166 51166666666611
666661, 16 6666616 61161 666116, 66161661 616161611666161, &tq
166666 6666 661661666161611111616 1161666 bei 661 3616616166
6161661666. - nb 666 obet 1166666661 61636166161616166

· 6661161 6166116166 666666 tutte, 6161166666 6161666666
1166166166666616, mnu 616 et 616 661 661661616361661666
66665 66166116 6116661, et 16 uu 66 66161616 86116666
66 &adm 611116 66611666. vm 666 1666166666166666666
6616161666 66616666 66661661, 666 6666 666 babet 666 im
6666666666 61666116 1666116 66 11666166, 666 666 §Bantius '
6616666 6661666 656116 66 Bm. 61616 66666616, 1616Ι
666 666661 1116 161661 666166 au 16661, 6611 666 6161 w um
66166666 611161, 166666 661 61616 66666666661166616161
1116661166 361661666666666 flu 611666 16. Qec 61661661 *Dm
66 666 1166661161 eiu 16 16666, 666 man 666 6161666611 661161
16666, 6ᾳὲ66 66616666, um 666 66166 66 6616666, 61666616,
ten. 66666 6611 616 1566611666 m 36166166666166665 gons uns
66666616 666 6161661 (66666116 16, 16 eruent 666, 666 66 666666
61666665, wie oben 6666116666, ott 661666111156616666 66

- 666116166166166616 (6. 611 unm.)

“ · ’ , Ι

 

