’ 7777777777 777 mmmm. 7.’ 777. · 777

(uso-nne) 7777777777, 7777777 777777 777777 77777, 777 777
777771777777 ffl singulum 97777777 7777777777 7777) 87777·
mmmm 777· 7. ρ. ’7777777 7777777 77777777 7777 777777
„1014 7777717717· punctum a· mmnhffiutb ³⁷ 777
β777711).7ὓ77 7777777777 7777777777 777 77777 777 777
Ἰ377777777777777777 777777 777 77777 777 7777777777777 777 7777
77777777777777777 7777777777 7777777777 77777777 (Μ
;m.mt.12-ffi.88.fflt.5.),m 77777777777777
:ba ssntmatfacoeffion 77 777 87777, 777 777 7777777777 na
177777777777777777777,77777777-17.)7777 777 77777777777777777
777 7777777 777777, 77777· 77 777 8777777777 777 77777777
Ι7777 &meatum 7777777777 {thema-2·- es 777777 7777 7777777
,777 777 mentatum 7777 777 777 mmmmm 777 777777
w 77777777 7777 7777777 7777777777, 777 777777 7777777777 777 8777
7777777777 877777 7777777777, 7777 7777 777· 7777 777777 777777
us 7777777777 7777777, 77777777 77 77777 7777777 7777777777 7777
77 77777777 77, 777 77777 7777777 7777 7777777 777 b. p. 777· 777-ι
777777· 777777 7777 777 77777777 7777777777 7777777777 777777 777
biam putendonibn 7777777777 77777777 77777777. &Mt
77777 7777 77777, 77777 7777 777 777 7777777777 7777777777
777 77777777· 777 bonorem pandonem 777777 7777777777· 7777
7777777 77777777 7777 jun mm 7777777777 777 77777777
77777777 77777777 7777 7777777777 777777 7777777 77 77 7777777777
77777777777 777, 777 77777 Β7777777 77 7777777777 87777
777 77777 77777777 777 77777777 7777777, 7777 77777 7777777 7777
7777777 777 77777777 7777 777 7777777777 777 7777777777 7777
777777 777777 7777777777 77777. 77777 777 777777 7777777777, 777
Ι777 7777777777 777777 777777777777 777777 777, 7777777 7777
sumnonem quoquomodo 7777717777, 7777 77 517777777777
777 7777 7777 mancipati 7777, 77777· 7777 7777 7777777777777
77777 777 77777777777777777· 777· 7777777777 ’7777777 77777
7777777777 77777777 777. -
· 7. Det 7777777777 boum-um posquam 777· 7777 777 777 ’
mimium (7777777777 7777 77777 777777 7777777, 7777 77777
7777777777 &ime 777 777777 777777. 77777777 7777777777.
tt 7777777777 777 77777777 777777 7777777777. 787777 777 7777 -
7 77777, 7777777 77777 7777 777 77777 7777777 77777777 777, 777777
7777777777 &echte 777 7777777 &fiee 7777777777· 77777, 77777777

 

