11 'ammom 11111 611111111111. 1. 161. 111

,ς 111111111111111111111 1111111111 1111111111 gu
,11111111111111111111 1111 1111 1111111 111111 111 111111
mattheh 111 3111111, more 11111111 1111 comminuto p·-
innu, 1111111 bei 111 ber. d. 111 11111.Ῑ1.1μί111111111
ζ11111), 111 11111 1111111 111111 1111 11111111 111111 11111 1111111
:nub 1111 1111111111111111111,1111111111.111.1111
;111111111 1111111111, 111 1111111111 111 ssithmg 111 11111
ἒ111111111 &⁴5 mmmmm (11 11 111111111ιᾶ111 1111υῆ11111
[Jditatem quaerere14).&ebt 1111111111) 1111 111, 1111111111
2131111111111111111111111111 1111 1111111 11111111 1111
{tutor 111 1111111111 111111111111111111111111111, 111 et 111
Ι1111 11111111 111111 111 11111 111 1111111111 1111111111, 111) 11111)

1111 111111 111111 1111111111).

1116-1)1111111111(1111111111111111111111111111
11111111 111 1111111 111 &au 1111, 1111111 111111 furiosus,

³ 1111 1111 11111111111111 111, 111111111111111111111111. 11111
’ 11111111 111111 11111111Θ111111 1111 1111 infans 11111111ῐί11
&malt 11111 111111 1111111111111111 1111111111 1111111111.

³ 1111111), mie 111111 1111 1111111111 111 61111 1111111, 111, 1111
vom infans gast, 1111 111 1111 furiosus 1111111111 11111111

mufitgwinian 111111 1111, 1111111111 iulans, 11111111 1111111
11111111111. 111111 11111 11111111111111 111, 11 111 1111
1111 11111 111111 111 furiosus obet 111111) 11111111111111111

1³) 1. 1.1. de 111111. 111. 1. 11. §- 1. (111111. 11111.

11) 1. 11111. 1. c. 1111111 111111. 11111111111111111 111 11111111
111 11111111 11, 111 1111111111111 1111 1111111. 111111111111
1111111111 111 1111 1111111111111 111111111111111111111 3111 11
11111111 111111 11111111 1111111, 11 1111111111111111111111, 1111
1111111111 1111 1111111111111111111111 1111111111 11111111. 1111
11111111111111111111111111 11101111111111111111111

1111111111.
11)111111111111131111111.11. 1111.

1)11.11.111111111 1111111. 111 11.1.1111.ρ.111111111 1111. 11.
1.1.11.1111.1111.111 111111.111.1.1.1.1.5.1111111.111.
- 1111 111 11111111, 111111 11 1111111111111111111 1111111111, 1111
surim 1111 1111 in 11111111111111 11111111 gegeben 11111Β1111
1111 1111111111. 11111), ist 1111111111111111, 111 1111111
mit 1111111 111111111111111, 11111111 1111 111111111111111111111,

 

