111 1111111111 111111. poss.

111111111111111111111111111111 1111111111 11111. 1111111 111
11111) 1116111111 interpretum, 111 11111111 1111 1111111111

. 1111 augensium 1111111111111111111111111 poss. 1111111111

. 1111111111 111 1111111111 11111111111111. 1. 1113.
de 11111111 111 11111111 11111111 11111111111111111111111111111
11111 1111111111 11111111ῑὼ11 3111111111 1111111111. 1111111111
11111111 1111111111

lates-diets 1111111111·

l) vel 111111 juris sauss 11111111111111111111111111
1111111111111111111 ns quid in 1111 11111111, de 11111111

1111111111, de 1111111111 1111111111),
’ 2) 111111111111111111
1. 11111111111111 1111111111 pertinentis ‘
11. 11111111 jus-is 11111111 sauss
s. 11111111111111111111111
11. 11111111111111111.

11111111 1111111 1111111111 1113111111111 11111 111 vis 111ιῖ-
111111 11111 de 1111111111 1111111111 11111111) 1111111111111111111-
dis 11111 de liberto exhibend03 11111111 11110111111111111
1111111111ιά11 uno 11111111111 reliqua 1111111111 11111ιί-
listis 111111 dantus. 511111 111111 1111111 111 1111111111, 111
111 ben 1111111111 1-1 1111 1111111111 1811111111 1111111111 1111
111 1111111111 111111 111 1111111111 111111111111111111 1111111111 111111
1111 1.(1. 111 11111111.11111111111111111·1111)11111 1111
111 ben 111111111111111111111111 11111111 1111111111 posses·
11111111111111111 11111111 11111 11111111 1111 11111111 1111111111
liuh: 11111 autem 1111111111, 11111111 1111111111111111111111·

11111, 1111111111111111111111 possessionis, 1111 11111111-
111111 1111 1111111111. s

1111111 111111 &ostem 111 1111111113111111111111111111111
111111111111111111111111111111 3111111111 1111111111, 11111111

Ἥ*-

6. 3118. 1111111111111111111) 11111111, 111 11 11111111111111111.
111111111111.11111111111111111111111111111111111111.3111111
11111 111111 1111 nun 111111 1111111111111111111111111111 (1111111111
1 11111111,11111 1111111111 111 1111111111111111111111111111111)

11111 1111111111181111 111111111111111 1111111111 11181111, 111111
11 1111111111 11111 11111 111111111 1111111.

 

