1771 17777717. 11. stup. 7777 b. p. 777777 77177177.

777 7777777777, 77777777 7777177 777777 intutam, 77 1777 7777
7777717 777 b. p. 777717 liberi, 77777 777 7777777 777777 7777 uu:
7777777777 7777777777, 7777777777, 77 77777 777 7777777777 7777
7177777777, seeundum 77777777 717 7777777777 ²).

777777 7777 7777771 77777 777717 77777777 &telle 777 7777777 77177777
777 777 777777777777 7777777777777777. 77 77 7777771771777
7777777777, 777 777777 7777777777 7777 777777 17777777 &che 77777,
77777 7777777 7777 77777 777 emancipatus 7777777777 7777777777777
77777. 7777777777 77777777 77777777 7777 777777 7777 77777777
777777, ιιιι7 777 7777777777 7777 777777, 777 77 77777777 7777777
emancipatus 7777 &inu 77777718). &a 77777 71117877ῑί777 77777
777 7777 77777777 7777777777 7777777, 77777 777777 777777 77177777
7777 7777 77777 777 &telle 777717 7777777777 7777777777, 77 17777
7777177 7777777777 77777 7777777777 7777 777 7777777777777777777
7771717777 777777, 7777 777 77777 77777777 777777. 1777777777
77777777 7777777777 777 771777 ben 777 7777777777 77771777 77 7717777777
&geusae 7777 b. p. 7777777777 77777 717777. Qun 7777777777
7777 77777 7777, 777 7777717777 777 see. 1. 17. possessor 776
7. 7. b. possessor 777 7777777777, 77 77777 777 nat, 777
77777777177777777, 7777777 777 7777177 77777777, auf 7777777777
Me 7777 777 77777777 7771777777 77777777. 777 7777 717777 777777
77 7777777 ιιιιι 777 7777777777 777 77717777, 777 77777 777 777 777777
&athe 777777 77771777, 77 77 7777777 wege 777, 777 6717777 777
7777777777 ⁰). 77 77777 77177 777 777777, 777 77777777 7777 7777177 1

ψ

7)7777 777777 (7777777, 7777 7777 7 717 777 777777 77 77777777 17. 7. 5. 17.
cit. 77177, 7771777777 aud) 777 7777777177.7777777 777777777777777777ι ι
quiens riptushe 777 7 7,77 (777 7777777777 77 77 7777771777, 7177 77
77 777777 777777777777777 77777777) b. p. 777. tabu 177 7777777 777
7777777777177 ι (7777777777 7777 7777777777 7777777777777 7
ment 77777 aud> 777777 sec. 7717. 77777777, 77 777777 7177 7777777777 77777
ιιιιιι 7777777771) 7777777777 77777.) 7777777777 717 7777777777777 77777
emancipare 7777771771 7777777777. 77777 777 777777 7777 777717 anca
777777777777777777,7777777777777777. 17, 7777177 7777777777· “
77771777 777 77777 77, 717777 7777777777 5. 177 Sed 7777 nepos 77717
hujusmodi condition scr'ptssit 777 777, idem 77777717 cnud 777.

7777. m. 17. 7. de ec.ex 777 jud. (77 7777777 7777 7777 1717777777,

777 77 777777 777777777717 7777 77777 777777717777 37777777777777
77717777 77777777

9) &wa 77771171) 77777 777 77777 5 77. 7777777777 17. 7. 5. 7 717 7. 7. b ιι

 

