111111111111111111111111111111. i· ide· 111

1111111111, 111 1111111111111111 111 11111111 1111 111 iot.
quor. hon. 1111111111, 111 11111 11111111 1111 1111111
1 111 hen. aditio 1111 1111111111 111.
1 1111111 111111 11111 111 1111111111, 111 111111 11111
1111111 1111 1111 1111111111111111111 1111111111 11111. diod
1 3111111111 111 11 111 1111111111111111111111111111111
i beneficium 111 b. p., 11111111 1111 1111111111111111 111111
ι 1811111111111111111111111, 11111 1111111 successio 11111
1 111111111111111 11111, 1111111 111 1111111111111111111
ι 1111, 111 11111 successio 11111111. editio 111111, nod) 111
1 1111111111 11111111111111111 11111111 11111111. 111111
i 1111 111111 1111161111111111111111111 1111111111111111
r 1111111111 111 111111111111111111111111 111 successionis
vindicatio 11111, 11 1111 111 &ode 1111 111111111111111
11111111 1111111111 11111111, 111 11 11111 1111111111111111
11111111 111111111111111 111 111111111111111 1111111111 1111111,
11111111 111 11111111 1111111111. editio, 111 111 111111 ·
successionis vindicatio 111111, 11 1111111111111111111 1111
1111 111 111 11111111 1111111111 11111. 1111111111 idon:
111 111111, 1111111111 111 1111111111, 11111 1111111111
gieio, 111, 1111111111111111111111111111111, 1111). p. concis
citou 111111, 11111111111111111111 111 1111 111 11111111
11111111 1111111111 111 11111111 111 1111111111 1111111111, 1111
111 1111111 1111111111 111 pro herede gestio 11111111).
1111 1111111111 &diffidente 11111111 11111 11111, 111
1111111 111 heres 1111 1111 11 &otoo 111 hen. sditio 111811
1111111 1111111, 1111111111 1111 11111, 111 111111111111111111
¹ 1111111111 11111, 111111111111111111111 successionis vin·
1 dicatio 111 111 1111111111, 111 111111111111111111 11111.

¹ W

1 1) 1. 1. 11111111111111111(11111111111111111 1. 1181. 111111 iiius
Ἴ 1111111111. 11111111111111Θ. 417. 11111111 in
3 1111111111111111111111111. Θ. 313.

ζ 1) 1111 1111111111 11111111 111111, 1111111111111111111111111111
1111111111111 111 1111111111 dud) 111 successionis vindicatio 1. i).
1111111111 1111 11111111 1111111111, 1111111 111 11111111 111111
1111 1111111, edicio 11111 111, 11111 111 111111 finces, 111 111
1111111111111111111111 111 111. quor. bon. 111
1111, 1111111111 11111111.

li*

 

