1111111111 1111111111111 1111111111. 1. 191. 111

a 11111) 11111 111 1111111111 111111 1111111 1111111111
'enon-m notiones 7) 1111111111 11111, 1111 11111111 domicilii
1111111111 11111111 1111111). 1111 forum 111 sitne 1111111 111
111111 385 fiir bie actiones in 11111 11111ῐῦ1111), 11111 bit
iaen'ud), 11 1111111 aui 111 l. un. C. nbi de 1111. og.
11111111111111111111, 111 1111111111 11111111. 1111111111
11111 385 11111 1111111111 1111111111 1111111111 111
ier. pet. 111111111111111. 1111111111. quor. bon. 111
1111ιί1 nod> 1111111 1111111111, 1111 11 11111 11111 1111111111

1111111111 von 111 her. pet. 11111111 11111 11111111, 111 1111 ,

'nibet 11111111111111111. 1111111 1111, 111 11 11111 11111
111 1111111111 1111 111 1111. pet. 11111111111111111 111-
hiant 111, 111 judex misitne 11111 3111111111 1111111111
11111, if} 11111111 1111111. 3111111111 1111 1111 [1111111111
11111 69, 11 11111111111111 aud) 1111 111 1111111111 de pos-
mione 11111111 in, 1111111111 1111111111). 11111 1111 ges
111111111111111111111 1111, 111 uon 1111 11 111 forum
rei 11111 11111111 1111111111ῑὸ 1111111111, 1111111111 11 111
1111111111 (1111111111 111 11111111, 1111111 fiir 111 missio 111-
irim 11111111. &olim 1111 1111 1111111111, 111 111 1111111111,
11111111 (11111111 1111111111 1111111111 11111111 111 1111 ju-
dex rei 11111 1111111111 111, 111 1111 1113111111111111, 111111
111 1111111111 1111111111, 1111111 11111111111111111111111
111 ineu. 11111111 11111111

sid) 111111, mit 1111111 1111 1111111111. 1111111 man bes
1111111111, 111 111 11111111 fit 111 1111111111111111111111
1111111111 immet 111 1111111111 in, 111 111 111111 111 Snus

1) Vnt. 11111111. 1. 111. 1. 1111111 1111111111111111111111111111
1111111111 ὅ. 51.

8) 1111111 11111111 1. 111. 1111111111 1111 1111111111 1111 §Bm
11111111, 111111111113111111111111111. pet. 11111, 111 11111,
m 111 11111111 1111111111 1111 1111111) 111111 111 111 1111, 11111111
11111111 1111. 31 111111111111111 111111 1111111 11111111111. 1111
1111111 11111111 11111 111 Ι. 2 (1.111 1111111. (11111 ξς. 1111.) 1111 111
1111111111111111311111111111 mit 111111 9111111. 11111111 61111,
1111111 11111 1111111111, 1111 11111111 1. 1. D. ὅ. no. 1111111111.

9) Ι. 1. c. 111 11 ren 111. 11111111111111111 1. 1. 0.
6. 61. ff.

111) 811111111111111116. 111 11.

‘tib 1111111111 1111111111. Bb. ΙΙ. mhi. 11. 31

 

