7777777777 77 7777777777. 7. 788. 773

7777 777777 777 67777. 777 77 7777777 7777 7777777 un:
7777777777 777777 77777777 777 7777777 7777 7777777777. 7777
7777777777 7777777777 7777 7777 7777777777 7777777777 77777

777 777 777 7777777777 7777777777 777777 777777777777777,
777 777 77777777777777 7777777777 7777777777 777 7777777
7777777777 7777777777 77777, 777 777 7777777777 7777777777
[777 7777777 7777 777 777 77777777 7777777777) 77777 777 etv
7777 777 her. aditio 777 77777 777777 77777777777777777 2777
7777777 7777777777 7777777186-188.) 7777777 677777 777,
7777777 7777 77777 7777 77777777777777 777777 7777777777
7777777, 7777 77777, 777 77777 7777777, 777 7777 777 7777
,7 7777777777 &tamtan 7777777 777777 77777 (7. 177. 178).
777 7777777777 7777777 77777 7777777 777 77 7777777 777 777
77777777 (7777777 77777777 777 7777 7777777777, 77 7777777
7777 777 777 3777 777 (7777777777 77777777 7777 77777 77777777
7777 7777777777 (7. 1777), 7777777777 77 77777777 777 777
777777 7777777777777 777 777 77777777777777 (7. 179-1817
’77777777 77 7777 7777 7777 7777777777 3777777777 777777 et,
777 77777 777 777 777777777777777777777777(7.1871837,
777 7777777 77 777 777 77777777 777 77777 77777 777 77777777
77777 77. (7777 77777 3777 777 &utinen 77777777 mit 77777
7777 7777777 7777777 777777 777 7777777777 7777777777 77777777
77777 77 7777777777 77777777, 7777 77777777 777777 7777777
7777777 777 immet 777 7777 7777 77777777 77777777, 77777777
777 777 77777 7777777777 7777777777 777777 777 777 77777777
777 Corpus juris, 777 7. p. 777 6777777777 77 777777 7777
7777, 777 777 777777777 7777777777 77 777777 7777777777
777777 7777 (7. 187. 185.) 4). -

7) 67 7777777 77 7777 777, 777 77 777 7777777 (7777777777 777 7.
p. 777 777 777777777777 7777777777 7777777777 777. 77777 ein:
77777 37777 77777777 777 7777 777777. zm 7777777777 77777
7777 777 777 777 (77777777777 777 77777777 777 spatium 777777-
randi (7777 7777 ipso jure 7777777) 777 777 benefic. 7777777777
(mit 777 77777777 777 7777 6777777 777 7777777777 7777777777,
777 777 7777 777777 777 777777 777 7777 777 7777777777) 7777 7777777
777777 7777777, 7777 777 7777777777 777 7777777777 7777 777 7777
77777777777 77777777777777 (u. 7. 77. 1. 9. 8.). mae 7777777777
777 77777777 (11. 17) 7777777 7777 7777 7777777777 7777777777,
7777777 7777777 777 777 7777777777 77777777777777 77. 7777777777

 

