1111 1111111111111111. pons! 1. 11. m

8111111111 11111 1111111 1111111111) 11111 6111111111,
111111 1111111 1111111 1111111, 111 1111111111,1111.ρ. 111.
ul». 111111 1111111111 11111 111111 gang 1111111 &empnam
1111111111 1111111. §Die 1111111111 111111 11111 1111111111
111111111111111 111 11111 111 111111111111111111, 111
Detnbutg 111811111111 111111111111 &aq 11, {a}
111111111111111111 111, 1111111 1111111111 11111 1111.
11111111. ’111 eine 1111 1111111111111111 esthama, 111
,,,,.,,.,.,,1Ὰ“”’“.111Γ1-11.111τῆ1π.11 ,1
1111 1111111111111111111111 11111111111111, 11111111 11111
111111 im 1111111111 1111111111 1111111111 1111111111 111111.

...μον-,Ψ-

1111 1111 1111111111 1111. p. 1111 111 tiu· 11 11111111 11111111
inin, 11111111 1111111 1111111111 11111111111111 1111111111 1. p. 11111
1111111 11111 111111 11111111 ein, 111 111 11111111111111111111
111 1111 1111111111 &teuc 111 111111 1111111 11111, 11111111,
11111 111 111 1111111 1111111, 111 1111111 111111. memb.

ὅ) &itteris 11111111 possessioni· 1111111111 tabum. 6111111311, Ι

6) ’1811111111 de origine 11111 progressu tentamentisaetionis npnd

Remos. Lips. 1119. 11115111- 11111111111111111
gut ῠ111111111 11111111. 3111111111. monn 1811. 0. ala—2³3.
3111111111 1. 1. o. 0. 111-111. - 1111111111 1111 1111111
audeus 111111111116111111 11111111111111111111 1111111, 111111,
(1111 1111111 in 111 111 1111 11111111111111111111111111ι
111111111111111111111 11111. 1817. Θ. lx. 1111) ,11111
imma 111 111 11111111 11111111111111111111111111111111111111111
1111111111111111 11 1111111 uenient-⁰ 111111111111111111111111
11111 1111111111 11111 111111111111111111111111111111. eom. 1. in
. pro'e.) 11111 1111111111 11111111111111181111111111111111111
1111111111 111 1111111111 111111, 11111111 1111 1111111111 11111111
.11 111111, 11111 1111111111 111111111111111111, 111 1111111111 1111.
1111111111-1111111 11 1111 11111111 11111111 1111111, 111111
111 111 1111111111 111 111111111ῐὼ11 3111111111, men 1111111111
1111111 ficiat, 1111111111 111111 1111111111 111. «1101111111
1111111111 111 1111111111 11111 111111111111 111111111,11111
1111 1111, 111 61111111111111 111 11111111 flu 1111111111, 1111
1111111111 11111 11 11111 1111111111111111111, 111 1111111111
1111111111111 1111111111 1111111131111111 p. 111.) 1111111111.
za 1111111, 111 1111 1111111111 1111111111111111111111, 1111111
1111111111111111111111111 1111 11111111111111 1111111, 111
111

 

