Gabalum 1. 189. ¹ 457

l. 31 1111 1111, 111 111111. poss. 1111111111111
meditus 1111111111 1111 11111111611111 11111 11111, 111
111 111111 111111111111111 gang 11111111111Β1111111111111
111 9111111. 111 1111111111111 im 11111111 1111111 1111111111
when, 111 1111111 in 11311111111111111111111111111111
81111111111111111111111111 11111111. 11111 1111111111 1111
d) 111111 in 11111111111111111111111911111 11111111 111111
111111111111111111111 1111111111. 171. match), 11111 man
11 ben 8111111 111 1111111111 111 1111111111 11111111 1119111111
mn 111 1111111111111 1111111, 111 1. p. 1111111111111
uris 111111111111111 1111111111 1111111111. 1111111111
11111 1111 1111111, 1111111 1111111111111111 1111111111 11

1111111111 111 1111111111111111 11111111111111161111111 ’

1191111111111. 1111 1111111111111111111111111 11111 11111111
111 gana 11111111111115111111111, 1111 menn 1111 911111 im
1111111111 1111111111, 111 111111 1111 1111111 1111111
111111111ῐῴ11 11111111 111 11111111 1111111111, 11 111111 11 un&
1111 111111 1111111111, menn 1111181111 111111 1111111111 111 11111
bunum 111111111111111111. 11111 1111 1111111111 1111111
Μαι 11111111111111111111.

zm 11111111 1111111 1111111 1111111111, 111 1111111111 111
1111111111111111 111 11111111, 11111 111111, 11111 11111111
stlass'm aud) bie her. 1111111 11111 pm herede gestio 111 111
11111111 11111 111 (111111111111111111 1111111111. 11111 giu
11111 1111111111 111 decretalis b. 1.,1111111 111111 11111
1111111111 111111 1111 1111111111111111111111111 1111111111
(fi. 171. 111. 1.). 11111111 11111111111111 1111111 111
1111111111111111111111111 11111 bet 1191111111 1119111111111191111
11111111 111111, menn 111 111111 1111 111111τί1111 &the 111
111111 auf 111111111111111111111111111111111111111 11111111 111
1111111 111111 1111 111 111111111111111 111 1111111111 1111111111,
11111111 11111 1111111 auf 1111111111 11111111 1111111111 intes
1111111111 ὣ11111111111111111, 1111111 fic 11111 11111 11111111.
nen finb (Carboniana, 1111 furiosi nomine), 1111111111
(1. 111).

ιιι-...Ἢ

111111 3111111111 111 1111111111111 11 1111111111111 111111 111
1111111111111 111, um 1111111111111111 1111111111 1111111111.

 

