181 11. 11111. lv· 1111. Mantuam 1111111111. 1111.

111 eun 111111. 11111 111 1111111111 bet 1111111 &mistam
11, 11111111111111111111111191111111 ruptum 111111 metr
111111. 11111111 1111111111 11181111, 1111111 81111 1111111
mit 1111 1111111 111111τῦ1111 injustum unb irritum Βεμίᾠιια
11111. glut 11111111 1111111 1111 8111111, 1111111 1111111 11111
1111111111 11111111 111 111 111111111111111 1111111111)
1111 jam 111111 111111111111111111111119111), 1116 id) 11111
inminet 11111111 b. p. 111. ub. p. 15. 1111111111 gu 11111
111111. 1111111111, 1111111111 1111111111,1111111 111
111 1111111τί11111111111111111 111111. 1111 11111111 ient
8111111111111111111111111 1111 111 111111 11111111111111111
11111111111111111, 1111111111 fid> 11111111 1111113111
11116111. 111 1111111111111111111111 &telle 1111 gerwe 11

misen 111111, 111 1111111 1111111111, 11111111111111111-
311111111111111111, 11111 et 1111 111111111111111111 11

111111111111 1111111111 11111, bod) 1111111111111111111111
11111111 11111 111 ⁵) 111 1111111111 11111111 1111111 11111,

111 1111111 1111111111 11111 1111111- 111 111111 jure
1111111 1111111 111111. 1111111 1111111111 111111 iu 1111111111

1111 1111111111 111 11111111. 111111 1111111111111.
108. (1111111 binga, 11111111 1111 1111111111, 1111118 Qum}
111 1111111111 1111111111 {tantiam 1111111811 1111 11111

,,.........---

1) flunt& 11. 118. 1111111111) 11. 11. Θ. 818. mmmm 111111.

1) ἒῖιῐιῗ ’1116111ὶῆ1 111111111111111111111111111111111111111, 111
· cup. 1111. 111 zema, 1111111111111111 111 heres, 111 8111111111,
1111111111111111111111111111111 11111111, [111111 1111 mitt 111

1111111111 11111111111111 (11. Ι. de inj. 1111. 1181111111.
et 11111.)1111 inutile (1131111111. ει post. Gai. 11. 121.) malint,

1111 1111111 1111111111111111111111111, 111 bie 6111111111·
1111111111111. 1. §.a 11.1.δ.1.11111.1ιρω1.). 11111111

111111111111111111111111 1111111111 111 1111111111811111111
111 111111 11111 11 1111111111, 1111 11 1111111111111111111
irritum facere 1111 11 irritum constituere (111111111111111111

1111111111 11111111 11111111811111111111), 111111 1111111111
1111111. 01. V. 11. 11. 1. 111111. 1111. 1116. 5. 1. 11. 17. 1111.
¹ 11. de 1111. 111111. 1181. 1111111111. 11. 18. de temet

11111111. Me. 11 negot. gen. 11. 11. ς. 8. 1111111111
lure. 11. 11. de 111111. qui sub 111.

 

