133 113113.131131131333313313111313 1111111311

13331 91311 1111 1311 91311631331111331131131111131
31 311111 3313 311 3131133131 319133 31133131113311113111113 113 ff,
1111113313 313 3131111311 331 3131113133119, 11133313 31111

1. 6131131311 913313 33131131311 331 31113311 3131131
31311 3313311331. 1586. &fl 331311 311 3113313 1111 ;
3113133. 3311 31311. 331133 33 3311 911 13133 1319131111
33331113131113311113131311 9119139113313111313, 1113 ιω
11113 313 3131111311, 331 313 1113 113391111111 8133193131
(11. l. 3313. 2.), 111 3113131313131119111 1311111 1113111111·-
9111 313113111333313313133 (11. 1331312), 31 311111
3311 313 331 3113113119 313 13133111 3313111, 113133 3111333111
3311311333319133. 3339131311 331111 33 11113 nur 1113191111
33133131.

2. 3131113113333313 13 1133 31111 3131311631111 3
111331. 1733, 13931313 31313311133111139131111 311 31333311 ¹
331133 31 fid) 113911111111 313. 3311 31313 313 91119 111 ¹
3331133131 3819133 311 3133133119 1113 3131131119, im (3111111
313 911 3113191311, 331 313313311311311 3113 31111111 3113131113
9313 11113111, 311 3331133331 3331333313311133 313 111111 33119111
91311311. 3111131333133113333313113311113, 311 11131
313131313119 3113133, 33 31 1119131313, 313 11 1111131311
33131111 311 3331133311 heredis institutio 3113133. (11.1.
3111113111118.) - Ab intestato 11311 331311 .
331133 311 3319133111 31 31391 311 (3. 33. 1313 1311311111 ’
1111131111, 31313139111311 33 331 3111113311 311 manum
311, 3311311311 1113 (51331111111113311 mit 1111139111 331111.
1119113313113311. 118. (11. 2. 3313. 231, 13-51). 3313111
bem 31333 131 (11. 2. 3313. 1.). ,533131313133191331 113
3313113333 31131331 331133313331111131, 31 3133 31133113131131

333 911191 (3333131133 313111.” (b. p. 1111131 viret uxor). 331
3133, 1111113131 (3131 313 31 3131113319 1113311 (31313313
331133), 11333333 31 311 &aba (3313. 52.) - 3113319133
31133. ss„ 33131111331331119 9111111311 61313311331119 pm
1131111311 1113111 (31311, 311113313131131131119 311113 1311
31311 3333113113331119, 1133 3111 benef. inventarii 1113 3111

1531111131 311333111313131311311133 31311 3131 1111331339 331-3
3133. 1. (33331111313111113111. (Ρ1131. 'app- lV. Ρ. ¹¹7)-

 

