1115 1555. flou. 5555 55. 1. 11. 115

15511 15555 5551515555 non 15551555) 5155 51 5155 555 5511 ‚¹
555 115555 115, 55155 151155 1155511155 55555555 151, uns
1555555155 15155, 151555 5155555151155551155551551155515551

· 5515555555155155.

5155551 5511151 55 515 1115151115 551515511151155 1551
1515111. 55555 11111 551 515115 5511555551 5511515515555 55555

11551 55 551 51555155 dominium 51155515551555 ff& 51155
5115 555 555 1155115 5511 15 5551111551 1151555555. Ἑ5Γ515
55511515 11515115 555 515. 5555 51155 5515155 51155151, 55151555
115 5555 11515151 555 habere licere 515111 551111 1555555 51115,
5555511 5555 5155111511 1515511151, 1515 1515115 51511555.
551 5551 1511515 3.5555555555515111115111515511511515155515,

1 555511115111 5551 1115 155555185555551111511511155511515
. 1155 15 515 115555 1151551. 1151155515111555555555

’ 11115155 51515115155 555 15111155 55551555511555555,115 5155

1115 555 1515 5151515555 55515
15 5151 155 5155 5551 65155515555515155 151 ⁷) 551

15 515 1555111155 5555, 5551115 5515151 5511 551 15 boui·
1111115, 11 5151115511 5115515155. 11151 155515 15 5551 515
15115155551515155115115155 1151511551 511111 15 555155, 551
55515115111111151555 15111151 5515111555, 5155 exceptio 1
5155511155, 1551515, 55555151 51 5551 55115155 515555 111555
11555551151-15155 151555, 555 511555 18555111 55155111115155
1155511551 5515111115. 6555515 155551 551 1151155 551 5555

1151551 551 15151155515Μ
um 551 ,

55555 555 5551155555 dominus 55111551. Datin 155 5511

1515 111 1551115555 151555155115 515 555. 51551115 551115
1551551155 51555111111515. 11555 55 15 5555155-,1555555115

&bun 55555 555 dominus 5515511115 15 15511 ,1-555 15151-
515115155151155515 515551 5 1151555 Θ515155515, 555 1155115155,

1555555 5. 11. 51 5551 51115, 5551 511551 555. 1555111 (15111551 1· ,
155 55111 51555 5111555 651111 55511 111555 55 55511155.

‚ 1555515115111115511515151111555,551115551155551185,5 ,

551 515 bonis, 11111 1515111555 51551555511515155 5111 5115155.

1) 5115151 5. 5. D· Θ. 11.

 

