611 1111111. 11. 111. 111 1111111111 11111111.

1. 1. 1111. 11111. b. p.) 1111 1111111111,11111111111 111
111 1111111111 1111111111 11 1111111111 111. 1111111111 1111
111 111111 1111 111 11111111 6111111111 111111111111111111
11. 1. 1. 1. 1111. 1. b. p. 11111111 111 111111, 11111 111111
11111 nepos, 111111 1111111 11111 1111, 1111111111111111111111
1111111111111111111 111111 ir. 12. pr. 111 iuj. rupt. 111
Gai. 11. 147. 148. 11111111111111, 11111 11111 1111 postumi
111 111111 111, 111 1111111 111111111111111111111111. §Boo
111111 11111111111111111111111111111 - ir. 3. §- 11). de
b. p. 1. t.⁵) 111 11111 1111 11111111 111 1811111111. {niet
11111 111 11111 1111111111, 1111111 11111 1111111111 11111111,
1111 111111 11111111 111111 1. 1. 11111111111. 11111111
1111111111 1111 11111 mortio tempus 1111111111. 11111 1111111
1111 1111111111 11111111111111111 1111111, 111 1111 111, 11111111
1111111111 1111111111 1111111 11111, 11111111 111 1111111111
111111118111111 1111111, 111 111111 pu 1111111111, 11
1111 1111 111111111111111111111,111 111 111 1111111 111111
1.1. 11111111111111111

11 1111111111111111111111111111,1111111111 111 mero
1111111111 111111111111, 111 111111111111111 111 11111
1111 1111111111111111 1111111111 postumi 11111111111111
111111111 1111. &i 11111111 111 1111 1111 111111 11111111111111
1111111111 1111111111 111 postumi 11111111. Q
11111111 111 1111111111,11111 111111111111111111 potabo
1111 111111 1111111 11 111 1111111111 1111111111 postumi 11111·
11ῑ11111111111111111, 111 1111 1111111111111 111111111111111
111111. 1111 11111111111111 1111111 1111111 111111111111ᾏΓ1111
11111111 111 1111 111 &oli 111111111111111111111111111111111
111111. 11111 11111111 (11111111 1111111 11111 11111 11111111
1111 1111111111 111111, 1111 111111111111111 1111111111111
31111111 11111111 lex Vellejo 111111111111111111111111).
iiio 1111111111 111111111, 111 1111111111 1111 11111111)
111111111111111111111111111, 111 11111 1111 11111, 111, 111111

Ἠ.-

1) 11111111111111111111111111111111 non possunt, 1111111111.
petere 1111111. Haec 111111 verbo: 11111111111 possunt,
nd 1111111 tempus 1111111111.

‚ 1) Θ. 1111111111 11111. §- 111. 111 111). 11 post.

 

