,6666666 6666666.

666 tabulas.

968. §lue 66) cite 6666. p„ 666 mit 666 ieet 66666
66666 66666, 666666 66666 66666 666 66666666 66666666, 66
6 66 6666 666 66666666 66666, 6666666 666 6666666666(υ Rsuriz
666 6666666666 666 66666. 66666666. 666666 66 666 666
66666 6666666666666666, 666 66 66666666 6666666666 6666,
66 666 emendandi Juris civilis gratia 6666666666, 6666 aud)
666 6666666666 bet 666 666 666666 6666666666 6666666 (unde
cognati) 66666 666 666 66666 6666 66666666 6666666666
66666666. 666666 6666 666 66666 666 66666666 66666, 66.
66666 666 6666 6666666ι 6 66 66666666 6666666666 6666666,
66 66666 666 66666, 666 66 666 666 6666666666 6666· 66 666
6666666666) 6666. 66 661666 qu 66666666ᾱί retinendi-qne
66666οηί6, 6ι lange 666 66666666 666 re 66666 666666
66666 66666666 6666, 66 666 6666 ’66 666 6ιίι 666) 666 ,666 6666
66666 6666 66666. 66 66666 666666. 6., 666666 benthem
6666 66666 Ι6666666 6 66,ι66 6. 6. 66. 6666 ub 66 6666666 6666
eum re, 6666 6666666666 666 66666, 666 ιι.

6666 66666666 66666666 66666 666666 6666666666
6866666666 66666 6666666666 ’6666666 666 6 J 66
66666 666 666 66666 6666 6666 666 gang 666 666 66666 sup·
plendiJur.e1v.g·nliu 6666666666, 66 66666666 aud) 666 eon·
mmfflmmmffimwmmwmm

6666666666 666 66666 666 66666666 6666 6666. p. con·

 

