(888888888888888886188188888188. 8181. 888

,menn 888 888 888) 888 888 &telle 88888888 188888, ’888 1888
Ι88888, 888 88888 88888888 188888, 888188 888888, 88 888888
pud) 888 888 888 3888888888888 8888888888 8888 18 ὓ888881.
8138888888 wit 8888, 888 wit 88 888888 888888 88888 888 8888
ἱΘε88888888888888888, 8888888888888811818, 818888, 88 888888
wir 88 8888888888 688888 88188888 w 81881 888 furiosus
888 888 8888888818881181888 888 888 8818188188. 8888888
bem mutus, qm nihil intelligit, 8888188888 88188 8188888 Mt,
ω’88 888 furiosus 888 88888888 8888888888 888888 88888,
:ibam 888, 88 888888 88 8888881888 8888888188 8888888888
β9888818888,8888888181)8888888888. 8888 88 8888 88888 81888
:mitte 888 bet furiosus, 888 88818188888888888, 8888
1888888 88 888 8888888888 8881888888 888888 8 888888 818881
18888888 88888888, 888 88 81888888 88888888 88888, 88 18 88
88888888, 888, 888) 888) 88888888 888 furiosus, 888 88888
88188888888888 888888818888888 8881) 888 &matut 8888888888.
88 8888888 8188 888888 88, 88 888 8888888888 (8888 888 888
8888888 88888 88888 888 8888888 888 nihi! intelligere 8888888
men) 88 818888 38818888 88888888, 8888 88888 88888888 8888
8818888, 888888 8888888 Men 8881) 388888 8888 8118818 888
88888888 88 888888.
d) 8888 888) 888 8888888888 888888 888 881881888888
88888888 88888, 888888 8888 888888 88818888 8888818888, 88
. id> 888 888 matricum 88888 88888888 (88888888888888 888
8818818883).
8) 888888 8888888 888) 888 88888188, 88 888) 8888888ι
888888 88, 888188 8188184). 8888) 8888888888 888888 8888
8888888 8888188 888 81888 888 8888818888 aditio 8818888888
888181 88 5), 88 888 888) gat 88888 881888, 88 888 8118888888
rige 888 {ein 88888888888888 88888 888, 888888 8888 8 888888 888
8888. 88888888818888888888818888888888888888888888
188), 888 8888 8888 8888888 8888881888888888888881)
. 8888888888 888 ,8881881888 8888 888 88 88888 1888
88888888 81881 88188888888888 888 tutor 8888888818 888

88888888 8. n 0 111. 8,.,888888188 818888.Ι
1188888888881681
5)18.8..8.8888888888888 ,8.188

⁶21·

 

