111 11111111 111. pm.

11111111 nares 1111111111111111111, 111 1111 11 1111111111
1111, 111 11111111 1111 11111111 111111, 11111111 11111 1.
111111 118. 111 111 111 111111111111161111111111 111
111111 111, 11111 1111111 1111 11111 811111111111111 111111 111
1111111111, 111 1111 1111 11111 1111111111 11111181111111
11111111 1111. 811 1111 1111 1111 111 1111116111 111 [ducis
1111111 8111111111 1111, 1111111 111, 1111 111111 1111 111
1111111 1111 111 111 311111 111 1111111111111111 11111111
§icero 11111 11 1111 1111111, 1111111111 111111 1111 1811111111
111111 11111 1111111 111111, 111 111 6111111111 11111 wia
1111111111 1111111111111 111111111111 11111111, 11111 11 111
111111 (111111111111111 1111111 1111111111 1111111 11111 (exe-
gent 1111111 jam pecuniam). 1111111111111111 OErbttetung
1111. 11111111, 111 1111111. 111, 1111111111 1. 1111,
1111111111 1111111111111111 111 1111111111 11111 1111111111
11, 111 1111111111111 1111 111 1311111111 111111111111111
1111111 1111 11111 11111111 111 111 311111 111 111111
· 1111111111 111. ¹
l) 1111111111) 111111 1111111 1116. 11111111 11111111
111 1111111111 1111111111
Si de 111111111111111111111, si possessor sponsione·
11111 111111,1111, si 11111111 tesamenti 1111111111
non 1111111 multis signis ete.
1111111 1111 1111111111, 1111111111 1111 1111111111611111,
1111111111 1111 1111111111 111 1111111111 secundnm 1111111
⁴ 111 nb 1111111111 11111111111, - 1111111111
,1111 11 1111 8111, 111111 111 1111111111 1111111111
1811111 111 hereditatis petitio 1111811111111 11111111,
1111, 111 1111 (111111 6111111111 111 11111111 1111 wib
f 11111 1111111111 1111 &nube 111, mill 111111111111.
111 111..111111111; 111 1111111111111111 1111111111
111 111111 1811111 1111111111111 1111111111
Ι1111 11111111111111111111 111111 1111 1111 3111111111
11111111, 1111 111 1111111111 111111
1111111 111 11 1111111 1111191111 1111111111111

 

