11111111111111111111111111111. 1. 111. 119

ert, 1111111 111111 111111, 111, 11111 guid) 1111 11111111
1111111111 1111111111 111 111111111111111 1111111111 11111
mr, 111111111111111 11111 (1111111 1111111111111111
111 1111111111 11111111111111 1111111111. 11111111 ·
11111 111111 1111111111 111111111111 [11111111 111111 111111
1111111911 3).

31111111 111111 3111111111 in 111 1111111 3111 1111 1111 1

11111111111111111111111111111. 11 111, 111 1111111111 111
1111111111 iiber 111 1111111111 111111, 11111111111111111111.
111111, 111 11 1111111 1111 111 directum 11111 bonorum pos·
111111, 1111111111111111111111111111111111111
111111 111 111111111111111 ’1111111611 11111 1111111
>et &ummo 111 1111111111 111 1111111111 ⁴) 11111 1111111111

XXI. 1111111111. 117. 1111111111 1111111111111111111 111

“ 1111. quor. bon. Τ11. 111111. p. 65111. Brunnemann Gomm.
ad Ρ1111. 1111111 ad Wesenbecium. 81111111 111111 jur.
Rom. Exere. 17. 1. 13. 1111111111 0111. 111111. pm.
1111111111 ad 8111111111. winzenbach Exere. 11 11111111
111. 1111111111111111111. 111. 111111 Ρ1111111. jur. civ. 11
111. Dig. 1111111111. 1. quor. bon. Dominici Tusci Pract.
concluse. advoc. 111. quor. bon. wernher 011111. forent.
11. Ρ111 vm. 011111. 1117. 11. Pars 11101111. 11. Leyser
1111111111. ad Pand. Spec. 500. voet comment. 111 Ρ111. Dic
11111116111111111111 111 11111 1111111111111181111 111 111111
1111111. ,

3) 1. 1. 11. 111111, 111 11111111111111111111. 1111 11111111111111.
1111111111 11111 id), 11111111111111111111111111111111111111111
111311111111111 1111111111 11111111111111 1111111 1111111111 11111

. (111111, 11111, 1111111. - 11111111 1111 11111111) 1111111111 1111·

· 111, 111 1111 1111111111111111 11131111111111111111111) ets
111111. 1. 1111111 Digesta novissima 111111 juris 11111111.

⁴ 11111111. 16811. sub voce: 1111111111. 11111. 11113.

1111311111 11111111 31111111 1111111 1111111111 1. 1. n. 1111111111,
11 ist 1111 11111 1111 &theim 111 in 1111111111. (11 1111, menn
1111 1111. p. 11111 111 bem 11111111 agnoscite, 11 1111111111 1111
1111 311111111111111111111111111 se proximum defuncti 1111. 1111

’ 11111111 11111111, 111 1111111111) 111111 11111111, 111 1. p. 111
1111 11111111 11 1111111111 (1. 1. 184 11111 71). &mittet 1111111

’ 11111111) 1111111111 1111 1111111 1111111111 11, 111 1111 111

1111111111111 1111 11111111 1111111 11111111 1111, 111 1111111111
> 111 11111 1111 111 111 111111111111111111111111111 111111 1111111
1111111111111 11111111111111111, 11111 11111111 11111, 1111 mit

 

