3333333333 333 3333333333 3333333333. 3. 133.

33333 333 3333333333 33 333 63333 33333. 3333 33333 &itte
:mag 3333 3333 333 333 3333333333. 3333333333 3333333333 3333
’333 3333, 3333333333. 3333 3333 s 3 3333 3333 333333εωί333 Mor
’333333 3333 333 (3333331333 333 3333333333, 3333333 333 333333
33 333 333333333333333333333333 33333 3333333333, 3333 3333)
’13333 3333 33 333 Ιὃ33333 33333333 33333333 3333, 333333 33333333
1‘'⁹¹66666616665‘66636426666 ...33
¹ 33333, 333 33 3333 33333 33333 33 3333 3333333333 auf:

· 3.(32 3-3.) 333333 333 33333333. 333 333333 333333 33
⁵ 1333333333 33333333ῑί3333 will (3333313333 33333 volunt, quae in
33133333333333), 33 3333 33. 3333 333333333 333 3333333333

’3333 3333333333 33 3333333 (licere ptr seriptum 3333333333
6 33333 tentamentum), 33333333 3333, 33333 33 333 33333 333333
' 3333333333 13) 333 333333 33, 3333333333 (3333333333333
333 333 ,333333 333333333333333 333 3333333 33333333 6666:
333 3333333333 8333333 3333333 3333333333 3333333333 (33333
33333333 333 333333 333. 3333333333) )3333333 3333 3333333333,
3333 333 33333 333333, , 3333, 3333333333. 333 · 3333 ,33333333 ’33
filib, 33 3333 33333 impnnfeetnm 333333333333333331333333Φ33
33333 6666 33333133 impermqm mummolu-
333333333333 3333333333, nini 3333333133,33333333333-.
mr, finon 33133333). 3333 ,33 333333 3333 333-3333333.
3333 inperfectum tentamentum 333 33313 3333333333) 333333

ι .
ssm-*n-r-d-t· ¹

⁶ 333333 3333333333 3333 3333 6333333 333 333 33333333 333333333333
, 33333, ’333 3333333 63333, 333 333 333 3333 333333 3333333333, 3333
, 3333333333, 33333333 3333. 3333 3333 33333 333 333333333333333333,
3333333333 33333 3333333333 333 3333333 3333333, 3333333 ,33333 333
, 333333 33333333 333 3333 333333 3333 333 3333 3333333333 383333
’ 3333333333 &nument 3333333 3333 33 3333 333 3333 3333333333
333 3333333333 333 3333333333, 333 3333 333 3333333333 33333
’33333 33333333, 3333 33 3333 3333 333 3333333333 (333333, 3333 33333
-ι misaida-notham, 33 3333 33 3333 3333333333, 333 3333 333 333333
33333 libripens 333 familiae 333333 3333 3333333333 333 33333333.
3333 333333 3333333333, ,333 3333333 3333 333 6333333333 3333333333
· 3333 33 33333, 3333 33333 3333333333 3333333333. . ¹
13) 33333333 subscriptio 333 3333333333 33333,ι 333 333333. 333 zu,
- 3333 333333333333 33 3333333333, 33 33333 33 333 333333333333
33333 33333333 333333, 33333333 33 333 3333333333 333333 1666*

 

