ῊΙΙ
δὴ

1) Ι111111111111111111111111111111111.

1) 1111111111 111 6111111111 1111 0111111 111
111. 11111111111111. 1. 181185. . . . 111

b) 1111111111 111 111111111111111 1111111111 111
1111111111 (1111111111 in 1111111111, 111 111
611111111111111111111. 1. 181-188. . . . U

111.11111111111.1...............1811151

11111111 sapim.

1111111111 vom 1111111.

1. 1111111111 1111 111 111111111113111111111111 missio
1111111111 111111 11111111. bon. 1. 11111. . . . . 45

ΙΙ. (1111111111111111111111111 111 missio 111 111 3111111111,
111 1111111111111111111111111111111 11111111111111 111
11111 1111111111111111111111111. p. 1. 191. . 1118

111. -111111111111 111-11111 1118111111. 11111111111111111111
111111. 11111111111111 111111 1111111111. 1111111111 111
8111111111. §- 191 .............. 411

lV. [111111111111111111111. 1111111 1111111111. Sebauptum
111 111 1111111111 111 11111111 1111111111. 1. 183. . . 181

V. 1111111111 111 1111111111. 1111111111 111 61111111 111
1111111 111 1111111111 (111111 11111111 1111111111111
(1111111111. 1. 191 ............ 1111

 

