9999999 999 9999999999 9999999999 9. 999. 2³

sessos 999 999 tsine 9999999999 999999, 9999 999 (99999999 99
999999 9999999 999999 9999 999 9999999999 999 lsss. 999,
999 999999 99999 9999999999 9999999999 99999 9999
,99999999 9999 999 99999 9999 99999 9999999999 99 99999.
J 999 9999 999 999 99999 9999999999 99999999 999999, 999
3 9999. possessor 999 9999 999 999. pst. ..poss 999999 999

,999 9999, 99999 999 etms 9999999, 999 999 999999 999 99
:bet 9999 99999 9 9 9999999999 9999, 99999 999999 999 9999999
:bet bon. possessos· 9999 99999ῑί99 999 hstes 999999 99999 -··

’ vie bon. poss. 99999 ’999999 99 9999θ9999999999999999999

, 999999, 999 9999 m 99999 99999999 999 999 et 99999 99999999 989,

’ 9999 999999, 999 999 hereditas, 999 999 99 99999. 99 99999
999 99999 99 9999999999, 99 999999 99999 999 assatos 9999
999, 99 9999999999 999999 999 999 3999 999 9999999999 99999999
9999, 999 999 9999999 99999, 99999 999999 in 999999 weiss
9999999999, 999 99 99 999 9999999999 999 9999 5999 999 999
9999999 999 39999999999999999 9999999999, 999 99999999
99 999 99999999 9999999999 99999999 999. -

999 9999999999 99999999, 99 99999 99999999 9999999 999
99999999 99 hes. pet. poss. 999 3999 99 9999999999 3999999
99999999. 991999 999 9999 nicht 99999, 99 99999999, 999 999
999999 99 999999 9999999 9999999999 999 99 99999 Me 9999
999 9999999999999999 999 9999999999 99 99999999 9999999.
999 999999 9999 eines 99999999 99999999.

9999 99999999 999 hes. pet. poss. 99999 99 999999 9999,
9999999 999 99999999, 999 999 9999999 99999 99999, 99999 99
999999 999999 99 9999999 9999999999 999 99 999999 99999 99999
9999 999 9999999 999 999 9999999999 9999999999 9999999999

-...-η--ι

abst 999 2999999999. 9. 999. 1. 9. ³95. 9999 99999999 9999 9999
9999 99 999 999999,Ι 999 99 999999 9999999999 99999 99999999
99999999999999999999 9999999 99999, 99 999 is 9999 999999) 999999

, 999 su 999 qui dolo 99999, us desineres possidere 99 999 999999
9999999999 9999999999 999999, menn 999 ss 999999 9999999 9999,
999 999 bon. possessos 999) 999 999999 (999999 9999 999999 99999
999999. &ab 99 99 9999 9999 sicle 9999999999, 999 99999 999 999
99999 9999999 999, 999 999 dolo desiit possidere 9999 999 qui
liti ss obtusis 9999999999. 9891. 9994. 9999919. [soe.
9. 1. pro socio.

 

