,μ 11111111 1111111111 1111111111. 1. 111. 11

, g, wa& 11111 111111 1111111111. 1³. de 11. p. 1.1. (1111
1 11311111)11111111111111111111 1111111111 1111111, 111 111111

,1111 111111 111 111111 11111 1111111111 111 &bitte 111 mie
; 1911111111 111 111 1. 1. SC. essentis-um 1111111111111111,
-111111111 111 1111111111 11111 111111111111,-1111 18111111
*3¹ 11111, 111 1111 1111111111111111111111 1111111 1111111111
111. —-
’ ,1, 1111111 ὓ1111111 111 her. 111. poss. 11111 1111 1111
- 1111111 1111111 111 311111111111111 1111 1111111 1111111111
'' , geues 1111111, nemus> 111 11111111111111 ses 111111
” J 111 111 1111111111111111. 111 11111111 11111
&estete 11111 11 111111111111 1111 1111111 111, 111 11111 11111
f 5111111τί111 1111111111 11 11111 111111 1111111111
’, 1111111111 1111111111ῧ11111111, 111111 ee 1111111111 11111
1111111111111111111, 111 11111111 1111 111111111111111111
” 11111111111111, 111111 111 1111111111 111 111 1111 1111111
¹⁸ 1111111111 111 111 1111111111 111111111111111111,
“ 1111111 111 11111. 1. 80..1111111111111111 1111111111. Qie
ι 11111111111111111111, 111 11 1111 11111111111111111111 111
1111111 11111, {iit 111111 111111111111111111111 11111111111111
ν in 11111111 1111111 1111 1111111 11111111 11 1111111111, 11111111
e 11111111 1111111111.
⁴ 1511111 1111111111 11111111 11111111111111111111111111111
nen, 11111111, 1111111 1111 11 111111111111111111 1111111,
11111111 11111 11111111 111 1111111111. Die bonorum ss.
etio 111 venditio 1111 11111111111111 1111111111, 1111 11111
811111 11111111, 111 11111 111111 111 bonorum possessor sne:
111 1111 1111111111 11111 1111, 111111 111 1111111111, 111
11111111. quor. bon. 1111 1111111111 Ine. sectos-ium ⁵), 111111
111111 111111 bem 1111111111 11111 111 1111111111 1111111 111
1111111111111111111111 ete. gegeben, 11111 1111 1111111

——————

311111 1111 1111111111 11111 (11.1. 1. 1. 1111111111, 11111 111111
11111 essiones 1111 111 11111τί11111 (1111111111111 11111111
4) :⁰:¹52 Θ. 61). 11111 1115.
1) Gaius 111. 1411. - 1111 111 b. 1.11111111111111111111111111
libertatis 11111111111111111 111111111. fr. 1. 1. 11. 111 111111.
libere.

 

