2222222222 222 222222222222222. 5 162 223

222 mm et5ennt aud> 5555555 22222 222 22222222 2221. (2. ’

{E- de lostam. an, 222 22 222 b. possessio 555 222 scripti
22222222222222222222222((.2.122.22221·),22222222
22222222 222 2222 222, 222 22 2222 2222 222222 222 222·
22222 (2222 22222222 222222 (2222 22222( 2222222222, 22222 “
2ιί bem 2222) (22222222 2222222222 2222222222 test. 222222.
’22122222 (2 22 22222222 2222222), (222222 ιι 22222 ιιι, 222 22 2222 ’
ιιι 22222222 222 2222222222 beneficium 22( 222ιί222222 222
2222222222 (22 222 scripti 22222122 222 2222222 22222 2222222,
ἰιι22ιιι 22 2222222 2222 222 pro herede gestio 2222 her. aditio
Ι’22222222222 2222222, 222 (22222 222 missio ethitten (22222
555. 5. 138. 2222. 5.). - 222 aud) (ιι 2222222 22222 22222 2222
ἰ222 (222222 22222 22 222 2222222222 222 (2222222222 22222
12222222, 222 (2 222222 mit 2222 (2222222222 322 222 222
(2222222, 222, (22222 222 missio 22222, 222 lut. quor. bon.
555 22222222 2222222222 555⁸). 222 222 2222 22222222 222
55. ult. C. eit. 5555 222 505, 222 man glauben 222222, 222
222222 222222 2222 scriptus 22222, 2222 222 222222 22222,
5555 22 2222 2222222222, 222 2222222222 22222 222 22222222,
222222 22 22222222 222 2222222222, ιιιιιιι ιτ 2222222, man
5555550 ιίιι testamentum non cancellatum ete. 2222222222, um
2222 22222 5¹1 2222222222, (2 2222 man 2222 5555 22222222,
ιιι 2212222 bem scriptus 22222 2222, um (ιι 22222222 355 22
(22122222, 222 2222222 55 222222 ίιιιιιιιιιιιιιιιιιι 2222222 snb
5-555555555551 222 22222222 222 2222222222, 222 22222 2222222
5 2222 222 2222222 22ιιιι 222 2222 2222222222 2222222 2222, 222
ιιιιι 222 2222222222 222 missio (2222222222 222 depositiones
testium55u 2222222222.

5 {55555555555555555155)5255555555,5en 222 ιιιιιι 22 2ιί
222 222222 22 et 55555555555555 5555 2222 bem 2222222222 55

,222222 22222222 1222, ιιιιι 222 22222222222222 2222 55,
22222222 22 222 2222222222 22222222 2222222 (ιιιι 222222,

5 ιιιιιιι ιιιιιι 22 22 222222222ῐὶ22 222222 2222222222 2222. 22222

-.....-.-....,...-..

5
5 2222, (2. 222-312), 2222( (ιί2 2222 222 22222222 22( 222 222
5 22222222 222 st. ³· 5. ⁰5. de interdict. 5555 (555. Ι. ὅ. ³⁷³5!
5 35 2. 555t nimmt 2. 2. 5. (5. 222 222. 22222) 222 22222222 2222 22222
; 222 missio 555 22222222 on.

 

