11111111111111. 1 b p. s. 11. 11

111, 11111 1111 11111 1111111111 1111111111111 111 Ι 1
praeteritus 1111111, 1111. 1. 11 1111111111111111111111
11111111111111111111111111, 1111111111 1111111111111111111·
11111111 11 11111111Π111 1111 11111111 1111 11111111 1111
111111 11 1111111111, 1111 111111111111111111111111111111
11111 1111111111, 11111 11111 1111111111 1111. p. 111 Mas
111111 im 1111111111 111111111111. 1111 111111 1111111111 111
1. 1. 1111 1111 111111111111111111111111111111111111.

11111) 111111 111111 11111 111 11111111 1111 1111111111
11111111 in 1111111111 111. 1111111 1111 111811 1111111111.
tion 111 11111111 1111111111111 1111 111111111111111
111 11111111 11111111 1111111 1111111111, 11111 11 111 e. 1. aas
1111111111 111111 11111 1111, 1111 111 1111111 11111 111111 1111111,
1111 1111111111 11111111111111111111111111111 11111111. 1111111
11111 1111111 11111 1111111 (1111111111 11111111, fo 11111111 111
1111111111 111 emancipatus exheredatus 11111 1111 11111111 bet
1. p. 1111 liberi 11111 11111111.

1111111) 11111111 1111111111 111 1111111111 11. 11 §aba
1111111 111111. 1111 1111111111, 1111 (1111111111 111111·
11111 gu 1111111111. 1111111111 1111. 1. 1111111111111111
11111 1111111111 11111111 (111· 111. 1111 11 111 1111111
11111111111111111111111111111111111111111 11111
nm) 7), 111 11 1111 11111 111111 1111 11111111 11111, 11111111
11 1111111111. §Biemann 111111 111111 11111 e. 1. 111
11111111111111111111), 11 111 11 1111111 1111111111
1111111111, 1111111111 11111111 1111 1111. 1. omittite, 1111
11111111111111 liberi 111111 1111111, 1111 1111111. aditio
1111111111, 111311111111111191 11111111 111111, au 11111111 11111

, 1111 11111111, 111111111111111111111111, 11111111 1111. p.
1111 liberi gelangen 1111111111.

W·

1511111111111111111111111111111111111111111 111111 11111111
l 1)11881ἓρι.5111111ρτ11111111111111111111111111111111181111111
1111.) μ. 111. 111. 111.

¹ 11 1111111 1111111111. 1111111111. 11111111 11111111 1111. mets
111 11111 111111111-
8) 1111111 1111111111 1111111111111111 111111 1111 1111111111.

4*

 

