111
61111

1) 1111 11111111111111 111 1111111111111 11111 011111.
ι 1)11111111111111111111111111.1. 1. 11. . ,113

’ 1. 111 1111111111 111 111 1111111111 e. 1. 1. 91. ,119
vm. 1111111111111111111 111 11111111111111111111.
1) 11111111111111111111111111111. 1. 91 ........ 111
2) 1111111111911111111111111111111 1. 91 ........ 191
3) 1111111111 111111111 111 1111111111.

n. 1111 1111111111 11111111111111111111, 1111 111
11111111 1111111111 &amatunam 111 1111111111
311111111111. 1. 111 ........... 191

ι 1. 111111111111 111 11111111 1111111111111, 1111
11111111 111 1111111111 1111111111 1111111111.
1. 11. ............... 1111

111. 1111111111 11111111111111 1111111111 111 111 1. 1 1. p.
5Qwae ................ m

1111111111. Ι
’ Die 1111111111111111111111111111111111111111. 1. 1. p.

1111111111. 1. 19 ......... , ......... 1111
1, 1111181111 111 postumi 1111.
ι) 11 1111111111 111 lex 1111 venosa 111 111 1111111111

postumi. 5. 11111 .............. 22⁰ Ι

2) 11111111111111 111 111111111111111 111 11111. 1. p.
5. 101 .................. 1111

3) 1111 1111111111 111 1111111111111111111 1111 111111111111111
11111111111111111111111111. 5. 1111 ....... 113

11. 111111111111111111111. 5. 1113. . . . . . . . ,113

1111111 1111111.

11111111111111111. 1. p. 11 111 1111111111
3111111111. ’

1111111111 1111111111. 1. 111. .......... 1111

 

