84444444 444 successor. 4. 44. 147

444444 4444 44444 444444 4444, 444 niens 44 44444444 seit
44444 4444 ς4444444444 ordines 44444444 444444. Ge 44444 fids
4444444444 4444444444) 444 supplendi juris civilis esus· 444444
44444444 4444444 44444 444 4444444444 444444, hagenen, 444 44 4444444
4444 eontra 4444. h. p. 444 444 444444 444444 4444444444.
gesse h. p. unde 4444444 9444444 4444, 4444444 mir 4444 4444.
444 4444444444 4444444444. ὓ444444444 444 444444444 444
64444444. ·

l) 4444 44444 44444444 (4444444444), 4444 444 4444444,
444444 444 4444 4444444444444 sicheusita 44444

44444444( (Θ 4.) 444444 4444, 4444 444444 4444 herodius·
44444 pssssssionsm (4444 possessionem 1444441444ἲὶ4) 44444,
44 444 44 444 ῷ444444444444 4444444 444444, 4444444 iones 243444
fisse. 34444444 4444 444 4444444444 44444 sensissem pos-
sessionem 44444 44444444, 444 [est 444444 gu 44444444, 44444
44444 4444 4444444444. 4144 4444444444 4444 44· 44444, 444 vr&
444 gebo 4444 bonorum possessor 444 dominium, (4· obss

444) 44 {sume 444444 autb 44444, 44 44444444 444 herodius, ¹ Ι

444 444 4444444 4444 444 4444 444 4444 444444444444 fages( ,
4Μ4ΜΜΜΜΜΜψΜΜΜ,’
4444, 44444 444 (4444444444 44444 4444444444 444444. 14444). ’

p. 4444 444 444 4444444444, 444 4444444444 444444 4444 Ξ
4444 444 hereditatis 4444444 4444444444, 444 4 4444 444444 4
4444444 444 4444· 4444444444 444444444444 (4. 19·- -21), 444 4444
444444 4444 444444 4444444444 4444444 444 44444 hereditatem ’
dabo, 444444 444444 44444444 4444444444 414, 444 44 444 Gr,
44444444 444 h. p. 444 hereditatis aditio 4444444 444444 ¹
4444 44444444, 444 4444 44444 444) 444 ieet 4444444444
44444444 gemacht, 4444444 444444 4444444444 4444444 44444, 444,
444 ia 444 4444444 fid) 444444 4444 44444 4444444444 4444 4444444
444 4444, 444 444 4444444444 444 4444444444 4444444444 444. 344
4444 4444 4444 444 4 &egel 4444444444 44444444, 444444 44
444 444444 4444444 44444444 4444444 4444, 444 4444 4444444 444
44 b. p. gegeben, 444 4444 4444444444) 4444 hereditatis 444ῑί4 “

4444.

44444444 444 44444444 4444444444 {serm 444 4444444 444 ·
444 44444444444444444 44444 84444444444444444 444
4444444444 444444 44444444 444444 4444444, 44 444444 444444 4444

 

