111,11..11111111111111.1.11111111111

1111111111 111111 (1111111111, 11111111. 1111111111 11111111111111
1. ’.1 1111111111. 11111111111111111,111,1111111111
111 111111111111111 1111, 11 11111111111161111 11111

11111111111111111111111111 1111111111 11111111111 11111111-
1111111111 edietum per 111111, quiin 1111111111 111. M 111

ja 11111 111 11111111111111111111, 11 111 1111111111 11111 3111111111.
,111111161111111111111 vich. φ. mmmmm 11111ῑὶ1111 edicto

1111111111, 11111111 1111 11111111 1111 1111111 1111111111 111
111111111111111111111111, 11111111 11 11 11111111 1111 111
111 »summu 1111111111

111111 111 111111 1111111111 3111111111 111111 111 111111.
, 111111111111111111111111111111,111111111111111 611111 111111,
1111111111,111111111111111111111111111,1111111111.
1111111 111111 11111 1111111111 111, 111111111111111131111111
1111 111111 1111 1111111111 1111 6111111111 11111111, 11111 1111111
11111 11111111 1111 111111 1111111111 1111111111.11111111111.11
111111111 11111 111111 11111 1111111111, 111 11 1111 111 11111111
1111.1 1111 1111111111 111111 111111 11 1111111111. p. 11111

’ , 1111111111111111111111111, 11111 11 1111 1111111111 111 &a

1111111111 11111111, 111 111 111111 111 11111111 11111. ·- 1111
1111. 1111111111 1111111 11111111111111111111111 11111 1111111111
111111111111111 1111111111, 11 11111111111111111111111 uppa-
11111111111111 posse putem dimidiam, 1111 1111111 tt 11 111
’1111 111111 (1111 11111111 1111 11 11111 111111111111111111
1111 11111111 11)1111111111 11 1111 11111111111111 6111111
1111111111111111111111111111111.11111111111111111111
edicto 111 111111 1111111111,11111111111111 1111111 3111111111
111111 1111111111 11111111, 11111 111111 11111 1111111111111111
11111111111111111.1111-

1111 1111111111111111111111111111111111 11111111 1111 11111111
1111111111,11111111181111 111111111111111111111,1111
1111 11111 11111 1111111111 111111111111111111111111. 111111
11111 1111111111 1111 111 111111 111311111111111111 111111,
11 111111 11111 111 111 1111111111111111111111111111 1111111111
1111111111 1111111, 1111111 1111 111111 11111111, 111111111111,
111111111111111111111 1111 1111 111111111111 111. 1111111111
11111 111111 111 1111111111 1111111111, 111111 11111111 111 811
11111111111111 11111 1111111111 1111 6111111111 111 1111111111 111

 

